0.000000	0.275429	0.280671	0.278615	0.279265	0.270208	0.277116	0.283294	0.277041	0.273843	0.280398	0.279857	0.282293	0.276340	0.275841	0.287698	0.280591	0.277590	0.274779	0.282521	0.264523	0.272808	0.283862	0.282690	0.277885	0.280577	0.276075	0.267227	0.278952	0.276961	0.283871	0.286527	0.285030	0.282970	0.285603	0.279622	0.282288	0.282230	0.277117	0.281192	0.285010	0.277488	0.287160	0.280860	0.278338	0.281854	0.280446	0.290062	0.305678	0.285219	0.285764	0.286172	0.276285	0.275468	0.279558	0.285159	0.279616	0.268897	0.288227	0.283630	0.281068	0.277870	
0.275429	0.000000	0.282887	0.280595	0.275548	0.281994	0.283258	0.276439	0.276207	0.277875	0.279759	0.276236	0.284066	0.267122	0.270981	0.280073	0.269561	0.273953	0.273301	0.269454	0.277737	0.278045	0.284064	0.280477	0.272720	0.276530	0.275256	0.279562	0.279575	0.279909	0.279756	0.277176	0.277395	0.283595	0.283643	0.281950	0.286931	0.282612	0.279962	0.276159	0.281492	0.278640	0.283075	0.280096	0.286965	0.286102	0.282535	0.289058	0.296131	0.286092	0.281588	0.283912	0.277835	0.277622	0.277921	0.291517	0.283410	0.286787	0.281204	0.289761	0.276467	0.278130	
0.280671	0.282887	0.000000	0.269037	0.278746	0.278259	0.274639	0.271403	0.279565	0.269133	0.276151	0.282148	0.278835	0.275732	0.278926	0.278480	0.284338	0.273386	0.270968	0.283907	0.280695	0.277058	0.276334	0.273268	0.270925	0.272661	0.270850	0.274379	0.271234	0.273624	0.274385	0.277108	0.278642	0.278001	0.281302	0.271130	0.282372	0.272677	0.277907	0.276611	0.276272	0.271389	0.277364	0.281709	0.278025	0.278310	0.281645	0.282212	0.293496	0.277077	0.271085	0.278389	0.277052	0.271957	0.273436	0.287239	0.274742	0.289486	0.272779	0.282235	0.277973	0.266293	
0.278615	0.280595	0.269037	0.000000	0.273104	0.272005	0.274023	0.270775	0.277224	0.268818	0.278420	0.281300	0.280621	0.273471	0.275523	0.280809	0.277841	0.277689	0.270827	0.280772	0.284603	0.275928	0.273984	0.270480	0.273232	0.273228	0.266802	0.274758	0.272713	0.276168	0.272567	0.281144	0.273098	0.279645	0.276221	0.274982	0.280918	0.282586	0.275777	0.273994	0.279599	0.271689	0.283048	0.280635	0.276327	0.277614	0.280294	0.286754	0.286810	0.278482	0.283109	0.279096	0.282329	0.273285	0.274700	0.282795	0.275545	0.279202	0.277890	0.282009	0.275346	0.273288	
0.279265	0.275548	0.278746	0.273104	0.000000	0.281253	0.274409	0.277674	0.274654	0.275748	0.273500	0.278903	0.271924	0.274351	0.268005	0.271832	0.274228	0.270191	0.276743	0.277587	0.289848	0.269852	0.275061	0.281295	0.275079	0.282747	0.265671	0.284985	0.274914	0.273376	0.281423	0.278351	0.278453	0.284342	0.283302	0.277246	0.284906	0.281295	0.279295	0.273109	0.281146	0.276431	0.284975	0.282877	0.283950	0.281174	0.277604	0.283496	0.294724	0.275069	0.281591	0.281354	0.279411	0.278991	0.275196	0.281640	0.275966	0.280953	0.285373	0.280054	0.280606	0.278844	
0.270208	0.281994	0.278259	0.272005	0.281253	0.000000	0.281062	0.276244	0.276800	0.280242	0.277591	0.279724	0.275996	0.276067	0.270178	0.272743	0.273886	0.270247	0.273545	0.280714	0.266642	0.266901	0.273485	0.277643	0.269373	0.261183	0.274609	0.273839	0.272907	0.280761	0.283784	0.286457	0.279825	0.286193	0.280802	0.281356	0.281855	0.277943	0.282972	0.283489	0.277816	0.279112	0.288605	0.282337	0.283352	0.277802	0.285913	0.282956	0.300885	0.283438	0.278719	0.288180	0.280600	0.283148	0.281328	0.289299	0.279280	0.273128	0.286978	0.283382	0.280915	0.270631	
0.277116	0.283258	0.274639	0.274023	0.274409	0.281062	0.000000	0.274962	0.275909	0.265740	0.275782	0.275016	0.276321	0.267695	0.272966	0.274891	0.267806	0.265985	0.269718	0.272837	0.277434	0.279122	0.278701	0.274855	0.276971	0.281560	0.276660	0.279005	0.275565	0.276891	0.273436	0.276825	0.275732	0.281197	0.274372	0.272843	0.275042	0.278410	0.271264	0.271353	0.276810	0.274448	0.277160	0.281428	0.279188	0.278009	0.284232	0.282975	0.294585	0.278365	0.276968	0.271449	0.273199	0.273963	0.271031	0.273416	0.282835	0.282257	0.281941	0.279319	0.270721	0.270270	
0.283294	0.276439	0.271403	0.270775	0.277674	0.276244	0.274962	0.000000	0.262561	0.266794	0.273173	0.270377	0.280596	0.266400	0.267935	0.275550	0.278932	0.271808	0.264086	0.273847	0.274483	0.269138	0.268676	0.266393	0.262901	0.271842	0.265406	0.283342	0.271236	0.273087	0.278437	0.276379	0.277515	0.283839	0.269466	0.274157	0.281607	0.277403	0.277369	0.271858	0.277256	0.271048	0.276542	0.271741	0.277456	0.271779	0.278150	0.280336	0.292388	0.274707	0.277434	0.276982	0.274891	0.272350	0.269909	0.278172	0.274666	0.280061	0.278621	0.277104	0.278901	0.279397	
0.277041	0.276207	0.279565	0.277224	0.274654	0.276800	0.275909	0.262561	0.000000	0.268072	0.272602	0.265202	0.278228	0.274733	0.276231	0.278582	0.269206	0.270539	0.258298	0.276554	0.265278	0.275272	0.274389	0.271449	0.275169	0.273573	0.279205	0.277996	0.279786	0.278683	0.276484	0.283662	0.284712	0.280023	0.284432	0.281245	0.283189	0.274166	0.279012	0.281459	0.283019	0.269426	0.280636	0.281757	0.281175	0.275787	0.282801	0.283367	0.287494	0.275643	0.281900	0.284625	0.279077	0.276594	0.272735	0.282910	0.279814	0.285030	0.279125	0.281307	0.271936	0.277330	
0.273843	0.277875	0.269133	0.268818	0.275748	0.280242	0.265740	0.266794	0.268072	0.000000	0.271469	0.273827	0.274878	0.269981	0.270465	0.270894	0.267580	0.278634	0.263443	0.268824	0.275530	0.271840	0.270887	0.268283	0.271286	0.272323	0.263435	0.280207	0.271249	0.269767	0.275062	0.274715	0.268456	0.278536	0.272382	0.275468	0.272296	0.265334	0.274030	0.275486	0.275936	0.271192	0.272764	0.272069	0.276604	0.268128	0.274551	0.276118	0.283766	0.270524	0.273669	0.275722	0.268496	0.271896	0.271558	0.280438	0.275585	0.275021	0.275174	0.276664	0.271641	0.274331	
0.280398	0.279759	0.276151	0.278420	0.273500	0.277591	0.275782	0.273173	0.272602	0.271469	0.000000	0.273968	0.271485	0.278150	0.272937	0.271603	0.279028	0.271482	0.279666	0.282014	0.273879	0.276958	0.272031	0.275969	0.274643	0.277624	0.276745	0.285739	0.275095	0.278057	0.279929	0.282565	0.281902	0.282307	0.284253	0.274751	0.270971	0.277866	0.274669	0.279081	0.279673	0.274165	0.277746	0.281007	0.282623	0.279740	0.280725	0.274409	0.288592	0.277185	0.280329	0.282853	0.279821	0.278402	0.274847	0.284422	0.287995	0.285140	0.277646	0.281053	0.278042	0.273781	
0.279857	0.276236	0.282148	0.281300	0.278903	0.279724	0.275016	0.270377	0.265202	0.273827	0.273968	0.000000	0.285194	0.268129	0.274757	0.280906	0.271798	0.276528	0.280312	0.287496	0.272807	0.276837	0.281258	0.265688	0.276943	0.274009	0.266416	0.287179	0.284548	0.278076	0.283305	0.285182	0.280454	0.282128	0.287725	0.284352	0.279482	0.283888	0.281802	0.279121	0.290361	0.279942	0.280448	0.283687	0.289535	0.283194	0.286862	0.281940	0.296725	0.283527	0.285737	0.283518	0.282765	0.278963	0.275348	0.285497	0.284934	0.292134	0.279980	0.279914	0.274849	0.280116	
0.282293	0.284066	0.278835	0.280621	0.271924	0.275996	0.276321	0.280596	0.278228	0.274878	0.271485	0.285194	0.000000	0.283036	0.270165	0.280508	0.277330	0.282214	0.279684	0.284105	0.281488	0.275412	0.277676	0.274707	0.276055	0.268187	0.278836	0.280731	0.282371	0.282819	0.279476	0.283381	0.285680	0.286891	0.284045	0.275552	0.286787	0.281553	0.280209	0.279703	0.281825	0.278879	0.280013	0.281785	0.284721	0.280215	0.280618	0.278459	0.293967	0.278997	0.285680	0.281559	0.273062	0.283152	0.283347	0.281453	0.283107	0.282892	0.276771	0.285002	0.273966	0.277298	
0.276340	0.267122	0.275732	0.273471	0.274351	0.276067	0.267695	0.266400	0.274733	0.269981	0.278150	0.268129	0.283036	0.000000	0.267796	0.270359	0.273915	0.271489	0.268740	0.271325	0.277234	0.278171	0.278139	0.276251	0.267315	0.269387	0.259546	0.274983	0.278949	0.278103	0.272639	0.274156	0.277791	0.278586	0.270124	0.278800	0.275714	0.273329	0.274478	0.274444	0.277613	0.274647	0.272129	0.274876	0.276280	0.274190	0.277327	0.280459	0.292105	0.277600	0.274627	0.278692	0.274478	0.276826	0.271916	0.276135	0.280584	0.283915	0.280983	0.278541	0.276430	0.266236	
0.275841	0.270981	0.278926	0.275523	0.268005	0.270178	0.272966	0.267935	0.276231	0.270465	0.272937	0.274757	0.270165	0.267796	0.000000	0.275721	0.276404	0.265555	0.271005	0.276584	0.278568	0.274973	0.277700	0.269659	0.263919	0.269091	0.270743	0.281143	0.279974	0.280629	0.278273	0.282018	0.277977	0.288781	0.278839	0.281500	0.278238	0.278286	0.280355	0.275354	0.280598	0.279762	0.283822	0.286959	0.284803	0.278406	0.283422	0.284988	0.300655	0.282366	0.287335	0.278656	0.282187	0.275655	0.270847	0.286143	0.285784	0.287547	0.280946	0.283787	0.277980	0.277301	
0.287698	0.280073	0.278480	0.280809	0.271832	0.272743	0.274891	0.275550	0.278582	0.270894	0.271603	0.280906	0.280508	0.270359	0.275721	0.000000	0.282035	0.271965	0.275065	0.281477	0.282168	0.270373	0.272607	0.276493	0.275023	0.267762	0.270449	0.280007	0.274267	0.273180	0.274053	0.274585	0.274885	0.280067	0.274592	0.271250	0.275345	0.270963	0.273240	0.277165	0.281079	0.274923	0.270913	0.278900	0.281635	0.280193	0.273699	0.281660	0.295984	0.275256	0.277348	0.278978	0.273568	0.276682	0.269908	0.283387	0.276096	0.286012	0.279075	0.280354	0.280534	0.269945	
0.280591	0.269561	0.284338	0.277841	0.274228	0.273886	0.267806	0.278932	0.269206	0.267580	0.279028	0.271798	0.277330	0.273915	0.276404	0.282035	0.000000	0.263039	0.264233	0.265755	0.282723	0.275402	0.273016	0.272567	0.275654	0.273354	0.276985	0.282525	0.278917	0.273576	0.272587	0.272312	0.282589	0.280622	0.267642	0.276289	0.278331	0.281318	0.274153	0.270607	0.275659	0.278748	0.273781	0.273533	0.275701	0.280184	0.276497	0.278034	0.291253	0.270650	0.274203	0.278297	0.276628	0.272793	0.273893	0.275507	0.283862	0.282148	0.282032	0.274771	0.274823	0.274420	
0.277590	0.273953	0.273386	0.277689	0.270191	0.270247	0.265985	0.271808	0.270539	0.278634	0.271482	0.276528	0.282214	0.271489	0.265555	0.271965	0.263039	0.000000	0.274777	0.280776	0.286014	0.275269	0.273682	0.266016	0.268630	0.270544	0.274664	0.278319	0.279213	0.275623	0.273804	0.274606	0.273919	0.275636	0.279289	0.272498	0.281653	0.273339	0.270016	0.275934	0.280213	0.273881	0.270916	0.278959	0.282374	0.274259	0.273739	0.280926	0.286408	0.270369	0.280770	0.280277	0.275969	0.276789	0.274515	0.283064	0.273152	0.277715	0.276205	0.279931	0.271774	0.272832	
0.274779	0.273301	0.270968	0.270827	0.276743	0.273545	0.269718	0.264086	0.258298	0.263443	0.279666	0.280312	0.279684	0.268740	0.271005	0.275065	0.264233	0.274777	0.000000	0.277599	0.275022	0.273331	0.271611	0.273763	0.274827	0.275219	0.273252	0.274283	0.272888	0.275313	0.278495	0.273182	0.275285	0.279978	0.273890	0.271808	0.272280	0.279457	0.277143	0.269486	0.278618	0.271115	0.277014	0.276316	0.283070	0.275837	0.272588	0.278454	0.288473	0.272132	0.270952	0.283313	0.274897	0.271400	0.271569	0.282066	0.275130	0.279307	0.282633	0.275851	0.276768	0.279137	
0.282521	0.269454	0.283907	0.280772	0.277587	0.280714	0.272837	0.273847	0.276554	0.268824	0.282014	0.287496	0.284105	0.271325	0.276584	0.281477	0.265755	0.280776	0.277599	0.000000	0.285803	0.276363	0.280307	0.280978	0.279813	0.274532	0.280959	0.282192	0.278813	0.284179	0.282784	0.285691	0.280458	0.284459	0.279407	0.277787	0.286595	0.282219	0.280405	0.276070	0.285428	0.276700	0.279883	0.284118	0.284297	0.286770	0.282425	0.284702	0.290888	0.282450	0.283588	0.285898	0.282967	0.280662	0.276804	0.281090	0.285987	0.292739	0.285411	0.282665	0.276428	0.278612	
0.264523	0.277737	0.280695	0.284603	0.289848	0.266642	0.277434	0.274483	0.265278	0.275530	0.273879	0.272807	0.281488	0.277234	0.278568	0.282168	0.282723	0.286014	0.275022	0.285803	0.000000	0.276244	0.281282	0.281100	0.276110	0.279432	0.283736	0.273262	0.277537	0.294169	0.286883	0.292601	0.285449	0.284970	0.288144	0.285767	0.286277	0.288488	0.285644	0.284924	0.289474	0.285626	0.289447	0.288630	0.287894	0.282614	0.289067	0.286510	0.304554	0.286864	0.280251	0.284834	0.280961	0.288023	0.281879	0.290199	0.286324	0.271644	0.287778	0.285970	0.284614	0.278145	
0.272808	0.278045	0.277058	0.275928	0.269852	0.266901	0.279122	0.269138	0.275272	0.271840	0.276958	0.276837	0.275412	0.278171	0.274973	0.270373	0.275402	0.275269	0.273331	0.276363	0.276244	0.000000	0.274321	0.273938	0.265976	0.273963	0.278227	0.270111	0.279887	0.278621	0.281703	0.280552	0.271556	0.276836	0.279267	0.279931	0.279851	0.278089	0.274477	0.278412	0.280410	0.273165	0.280594	0.281206	0.280637	0.276668	0.281827	0.278769	0.289586	0.278233	0.279296	0.281196	0.280311	0.271749	0.277075	0.283045	0.276666	0.283470	0.282846	0.280102	0.278317	0.267263	
0.283862	0.284064	0.276334	0.273984	0.275061	0.273485	0.278701	0.268676	0.274389	0.270887	0.272031	0.281258	0.277676	0.278139	0.277700	0.272607	0.273016	0.273682	0.271611	0.280307	0.281282	0.274321	0.000000	0.278374	0.269141	0.277226	0.271359	0.279312	0.276150	0.274493	0.277949	0.281854	0.275320	0.279199	0.279739	0.275562	0.275783	0.276399	0.276082	0.277908	0.284546	0.278616	0.278406	0.280122	0.275746	0.275317	0.270071	0.281548	0.295898	0.282504	0.276747	0.290381	0.278645	0.276668	0.278231	0.282533	0.283416	0.284026	0.282465	0.276936	0.274369	0.273535	
0.282690	0.280477	0.273268	0.270480	0.281295	0.277643	0.274855	0.266393	0.271449	0.268283	0.275969	0.265688	0.274707	0.276251	0.269659	0.276493	0.272567	0.266016	0.273763	0.280978	0.281100	0.273938	0.278374	0.000000	0.271098	0.268434	0.274894	0.280040	0.274251	0.274273	0.274744	0.280360	0.271240	0.278830	0.275575	0.281434	0.280013	0.277778	0.272636	0.277398	0.278643	0.275833	0.280402	0.283068	0.282147	0.278751	0.278163	0.280448	0.296290	0.282916	0.278286	0.279650	0.278829	0.271967	0.270835	0.285215	0.281513	0.287112	0.277034	0.280657	0.275469	0.276719	
0.277885	0.272720	0.270925	0.273232	0.275079	0.269373	0.276971	0.262901	0.275169	0.271286	0.274643	0.276943	0.276055	0.267315	0.263919	0.275023	0.275654	0.268630	0.274827	0.279813	0.276110	0.265976	0.269141	0.271098	0.000000	0.267293	0.271392	0.276258	0.271833	0.281069	0.277378	0.272473	0.276479	0.277295	0.281441	0.272318	0.280245	0.270200	0.280885	0.270220	0.281069	0.271396	0.275715	0.282379	0.280452	0.278529	0.277178	0.276538	0.290875	0.276829	0.278629	0.288794	0.278225	0.273997	0.270506	0.283190	0.276279	0.283858	0.280317	0.275351	0.273785	0.271244	
0.280577	0.276530	0.272661	0.273228	0.282747	0.261183	0.281560	0.271842	0.273573	0.272323	0.277624	0.274009	0.268187	0.269387	0.269091	0.267762	0.273354	0.270544	0.275219	0.274532	0.279432	0.273963	0.277226	0.268434	0.267293	0.000000	0.275140	0.274833	0.275291	0.274732	0.276941	0.277764	0.282809	0.275091	0.274730	0.276592	0.280983	0.276520	0.272978	0.275414	0.284133	0.277200	0.277650	0.287334	0.284378	0.274634	0.276397	0.280529	0.297808	0.277476	0.280013	0.275073	0.276171	0.277584	0.271943	0.283049	0.274710	0.280890	0.277038	0.276436	0.271870	0.271496	
0.276075	0.275256	0.270850	0.266802	0.265671	0.274609	0.276660	0.265406	0.279205	0.263435	0.276745	0.266416	0.278836	0.259546	0.270743	0.270449	0.276985	0.274664	0.273252	0.280959	0.283736	0.278227	0.271359	0.274894	0.271392	0.275140	0.000000	0.275914	0.271294	0.275274	0.274455	0.278441	0.275842	0.275612	0.276224	0.274319	0.281759	0.279929	0.275904	0.279855	0.282431	0.272454	0.273055	0.273251	0.274877	0.280143	0.274056	0.278447	0.288365	0.272284	0.276827	0.276818	0.275073	0.275809	0.267405	0.280107	0.274369	0.278750	0.270488	0.277657	0.268101	0.268395	
0.267227	0.279562	0.274379	0.274758	0.284985	0.273839	0.279005	0.283342	0.277996	0.280207	0.285739	0.287179	0.280731	0.274983	0.281143	0.280007	0.282525	0.278319	0.274283	0.282192	0.273262	0.270111	0.279312	0.280040	0.276258	0.274833	0.275914	0.000000	0.277446	0.274891	0.274220	0.274980	0.276328	0.279698	0.277740	0.276832	0.277658	0.277071	0.278075	0.273781	0.284224	0.275528	0.280796	0.282985	0.277912	0.280994	0.277598	0.278605	0.295505	0.279668	0.277220	0.275948	0.276198	0.272900	0.271047	0.278309	0.274044	0.264407	0.286477	0.276425	0.273592	0.264354	
0.278952	0.279575	0.271234	0.272713	0.274914	0.272907	0.275565	0.271236	0.279786	0.271249	0.275095	0.284548	0.282371	0.278949	0.279974	0.274267	0.278917	0.279213	0.272888	0.278813	0.277537	0.279887	0.276150	0.274251	0.271833	0.275291	0.271294	0.277446	0.000000	0.271612	0.271054	0.274815	0.276313	0.274700	0.270363	0.268640	0.276069	0.274936	0.273107	0.269704	0.277101	0.268832	0.276617	0.276907	0.275018	0.276570	0.279925	0.273027	0.291521	0.273231	0.282424	0.272909	0.273113	0.271422	0.268598	0.267345	0.269953	0.275915	0.288057	0.271309	0.279449	0.266369	
0.276961	0.279909	0.273624	0.276168	0.273376	0.280761	0.276891	0.273087	0.278683	0.269767	0.278057	0.278076	0.282819	0.278103	0.280629	0.273180	0.273576	0.275623	0.275313	0.284179	0.294169	0.278621	0.274493	0.274273	0.281069	0.274732	0.275274	0.274891	0.271612	0.000000	0.270441	0.275220	0.275409	0.271284	0.268263	0.267099	0.273173	0.268879	0.268336	0.274075	0.278176	0.273396	0.273388	0.275712	0.274351	0.275117	0.270458	0.269747	0.289493	0.271772	0.272756	0.278382	0.275754	0.271479	0.266748	0.278341	0.274485	0.279839	0.275729	0.281203	0.273385	0.267121	
0.283871	0.279756	0.274385	0.272567	0.281423	0.283784	0.273436	0.278437	0.276484	0.275062	0.279929	0.283305	0.279476	0.272639	0.278273	0.274053	0.272587	0.273804	0.278495	0.282784	0.286883	0.281703	0.277949	0.274744	0.277378	0.276941	0.274455	0.274220	0.271054	0.270441	0.000000	0.275901	0.275382	0.271849	0.268445	0.274387	0.272546	0.271568	0.271371	0.269393	0.276182	0.268545	0.270947	0.281468	0.280293	0.267941	0.270867	0.272106	0.286566	0.274491	0.280316	0.275310	0.270456	0.275152	0.269491	0.273722	0.278296	0.281137	0.275450	0.278668	0.275622	0.270752	
0.286527	0.277176	0.277108	0.281144	0.278351	0.286457	0.276825	0.276379	0.283662	0.274715	0.282565	0.285182	0.283381	0.274156	0.282018	0.274585	0.272312	0.274606	0.273182	0.285691	0.292601	0.280552	0.281854	0.280360	0.272473	0.277764	0.278441	0.274980	0.274815	0.275220	0.275901	0.000000	0.274058	0.280872	0.278504	0.272488	0.271628	0.275112	0.266989	0.271910	0.274138	0.271318	0.269638	0.278010	0.275519	0.274396	0.273076	0.275715	0.291674	0.276215	0.276393	0.279266	0.271938	0.273078	0.271756	0.279059	0.282607	0.275895	0.278337	0.278807	0.283237	0.267349	
0.285030	0.277395	0.278642	0.273098	0.278453	0.279825	0.275732	0.277515	0.284712	0.268456	0.281902	0.280454	0.285680	0.277791	0.277977	0.274885	0.282589	0.273919	0.275285	0.280458	0.285449	0.271556	0.275320	0.271240	0.276479	0.282809	0.275842	0.276328	0.276313	0.275409	0.275382	0.274058	0.000000	0.273611	0.277959	0.273153	0.276977	0.270815	0.265300	0.264770	0.272204	0.275475	0.269913	0.274596	0.282460	0.267786	0.272904	0.280934	0.286057	0.268258	0.277371	0.277880	0.274968	0.275870	0.271170	0.282407	0.272802	0.280152	0.276906	0.276492	0.280514	0.267741	
0.282970	0.283595	0.278001	0.279645	0.284342	0.286193	0.281197	0.283839	0.280023	0.278536	0.282307	0.282128	0.286891	0.278586	0.288781	0.280067	0.280622	0.275636	0.279978	0.284459	0.284970	0.276836	0.279199	0.278830	0.277295	0.275091	0.275612	0.279698	0.274700	0.271284	0.271849	0.280872	0.273611	0.000000	0.271155	0.272267	0.276592	0.272337	0.272735	0.270691	0.276981	0.273048	0.267860	0.279261	0.275121	0.272088	0.273699	0.279090	0.287530	0.275953	0.278365	0.281312	0.270843	0.273780	0.274072	0.276126	0.276582	0.277035	0.286016	0.274400	0.281222	0.274409	
0.285603	0.283643	0.281302	0.276221	0.283302	0.280802	0.274372	0.269466	0.284432	0.272382	0.284253	0.287725	0.284045	0.270124	0.278839	0.274592	0.267642	0.279289	0.273890	0.279407	0.288144	0.279267	0.279739	0.275575	0.281441	0.274730	0.276224	0.277740	0.270363	0.268263	0.268445	0.278504	0.277959	0.271155	0.000000	0.269128	0.273991	0.269835	0.268246	0.274720	0.271474	0.272106	0.269589	0.271625	0.280354	0.271495	0.274041	0.276721	0.291762	0.274062	0.274939	0.274715	0.277448	0.274090	0.267453	0.273446	0.274036	0.281913	0.282409	0.271393	0.277832	0.271536	
0.279622	0.281950	0.271130	0.274982	0.277246	0.281356	0.272843	0.274157	0.281245	0.275468	0.274751	0.284352	0.275552	0.278800	0.281500	0.271250	0.276289	0.272498	0.271808	0.277787	0.285767	0.279931	0.275562	0.281434	0.272318	0.276592	0.274319	0.276832	0.268640	0.267099	0.274387	0.272488	0.273153	0.272267	0.269128	0.000000	0.271285	0.272085	0.271556	0.270716	0.264576	0.266545	0.266528	0.274276	0.275570	0.277581	0.278213	0.277646	0.284328	0.272849	0.275702	0.277870	0.267757	0.270496	0.266238	0.274487	0.276682	0.279011	0.277283	0.269378	0.280378	0.269757	
0.282288	0.286931	0.282372	0.280918	0.284906	0.281855	0.275042	0.281607	0.283189	0.272296	0.270971	0.279482	0.286787	0.275714	0.278238	0.275345	0.278331	0.281653	0.272280	0.286595	0.286277	0.279851	0.275783	0.280013	0.280245	0.280983	0.281759	0.277658	0.276069	0.273173	0.272546	0.271628	0.276977	0.276592	0.273991	0.271285	0.000000	0.268782	0.269429	0.267161	0.277505	0.273211	0.270644	0.277447	0.279760	0.279081	0.273940	0.279275	0.291124	0.273930	0.277594	0.284990	0.271994	0.269990	0.271222	0.272181	0.275055	0.276837	0.277966	0.277855	0.271843	0.268758	
0.282230	0.282612	0.272677	0.282586	0.281295	0.277943	0.278410	0.277403	0.274166	0.265334	0.277866	0.283888	0.281553	0.273329	0.278286	0.270963	0.281318	0.273339	0.279457	0.282219	0.288488	0.278089	0.276399	0.277778	0.270200	0.276520	0.279929	0.277071	0.274936	0.268879	0.271568	0.275112	0.270815	0.272337	0.269835	0.272085	0.268782	0.000000	0.271529	0.271878	0.268086	0.269270	0.270550	0.274780	0.275884	0.270120	0.273748	0.278065	0.287995	0.271372	0.275286	0.279839	0.276518	0.269889	0.271562	0.275810	0.275286	0.276015	0.282504	0.277873	0.272698	0.267409	
0.277117	0.279962	0.277907	0.275777	0.279295	0.282972	0.271264	0.277369	0.279012	0.274030	0.274669	0.281802	0.280209	0.274478	0.280355	0.273240	0.274153	0.270016	0.277143	0.280405	0.285644	0.274477	0.276082	0.272636	0.280885	0.272978	0.275904	0.278075	0.273107	0.268336	0.271371	0.266989	0.265300	0.272735	0.268246	0.271556	0.269429	0.271529	0.000000	0.270388	0.271150	0.269292	0.265956	0.274940	0.278983	0.268005	0.269520	0.273069	0.286150	0.267688	0.270959	0.277738	0.270731	0.271227	0.264744	0.276301	0.275249	0.277297	0.278322	0.274398	0.276792	0.263791	
0.281192	0.276159	0.276611	0.273994	0.273109	0.283489	0.271353	0.271858	0.281459	0.275486	0.279081	0.279121	0.279703	0.274444	0.275354	0.277165	0.270607	0.275934	0.269486	0.276070	0.284924	0.278412	0.277908	0.277398	0.270220	0.275414	0.279855	0.273781	0.269704	0.274075	0.269393	0.271910	0.264770	0.270691	0.274720	0.270716	0.267161	0.271878	0.270388	0.000000	0.272375	0.265664	0.270472	0.272022	0.274857	0.269567	0.274489	0.267109	0.292404	0.274451	0.271182	0.277544	0.269976	0.270611	0.271492	0.274492	0.271811	0.277515	0.278867	0.272273	0.271205	0.269250	
0.285010	0.281492	0.276272	0.279599	0.281146	0.277816	0.276810	0.277256	0.283019	0.275936	0.279673	0.290361	0.281825	0.277613	0.280598	0.281079	0.275659	0.280213	0.278618	0.285428	0.289474	0.280410	0.284546	0.278643	0.281069	0.284133	0.282431	0.284224	0.277101	0.278176	0.276182	0.274138	0.272204	0.276981	0.271474	0.264576	0.277505	0.268086	0.271150	0.272375	0.000000	0.274544	0.270623	0.276772	0.281596	0.270957	0.277858	0.278897	0.289724	0.280522	0.275690	0.275846	0.274564	0.274137	0.269851	0.280140	0.282598	0.285538	0.286453	0.280886	0.277994	0.271712	
0.277488	0.278640	0.271389	0.271689	0.276431	0.279112	0.274448	0.271048	0.269426	0.271192	0.274165	0.279942	0.278879	0.274647	0.279762	0.274923	0.278748	0.273881	0.271115	0.276700	0.285626	0.273165	0.278616	0.275833	0.271396	0.277200	0.272454	0.275528	0.268832	0.273396	0.268545	0.271318	0.275475	0.273048	0.272106	0.266545	0.273211	0.269270	0.269292	0.265664	0.274544	0.000000	0.276205	0.269688	0.276503	0.269240	0.269526	0.271535	0.284478	0.270637	0.270367	0.269681	0.270608	0.271726	0.263623	0.275165	0.271746	0.273074	0.277625	0.271745	0.274884	0.262941	
0.287160	0.283075	0.277364	0.283048	0.284975	0.288605	0.277160	0.276542	0.280636	0.272764	0.277746	0.280448	0.280013	0.272129	0.283822	0.270913	0.273781	0.270916	0.277014	0.279883	0.289447	0.280594	0.278406	0.280402	0.275715	0.277650	0.273055	0.280796	0.276617	0.273388	0.270947	0.269638	0.269913	0.267860	0.269589	0.266528	0.270644	0.270550	0.265956	0.270472	0.270623	0.276205	0.000000	0.281046	0.271997	0.270790	0.269375	0.266953	0.284196	0.271582	0.276295	0.276260	0.274843	0.275748	0.269019	0.283069	0.277297	0.281992	0.276057	0.275052	0.274053	0.267878	
0.280860	0.280096	0.281709	0.280635	0.282877	0.282337	0.281428	0.271741	0.281757	0.272069	0.281007	0.283687	0.281785	0.274876	0.286959	0.278900	0.273533	0.278959	0.276316	0.284118	0.288630	0.281206	0.280122	0.283068	0.282379	0.287334	0.273251	0.282985	0.276907	0.275712	0.281468	0.278010	0.274596	0.279261	0.271625	0.274276	0.277447	0.274780	0.274940	0.272022	0.276772	0.269688	0.281046	0.000000	0.278902	0.269849	0.275626	0.275947	0.287957	0.275560	0.274443	0.272062	0.272547	0.271924	0.272705	0.277018	0.279253	0.273834	0.284650	0.277933	0.277303	0.276296	
0.278338	0.286965	0.278025	0.276327	0.283950	0.283352	0.279188	0.277456	0.281175	0.276604	0.282623	0.289535	0.284721	0.276280	0.284803	0.281635	0.275701	0.282374	0.283070	0.284297	0.287894	0.280637	0.275746	0.282147	0.280452	0.284378	0.274877	0.277912	0.275018	0.274351	0.280293	0.275519	0.282460	0.275121	0.280354	0.275570	0.279760	0.275884	0.278983	0.274857	0.281596	0.276503	0.271997	0.278902	0.000000	0.279363	0.278220	0.278445	0.292169	0.273268	0.280224	0.276793	0.273044	0.276042	0.272546	0.283329	0.280769	0.280057	0.285933	0.272720	0.278084	0.278601	
0.281854	0.286102	0.278310	0.277614	0.281174	0.277802	0.278009	0.271779	0.275787	0.268128	0.279740	0.283194	0.280215	0.274190	0.278406	0.280193	0.280184	0.274259	0.275837	0.286770	0.282614	0.276668	0.275317	0.278751	0.278529	0.274634	0.280143	0.280994	0.276570	0.275117	0.267941	0.274396	0.267786	0.272088	0.271495	0.277581	0.279081	0.270120	0.268005	0.269567	0.270957	0.269240	0.270790	0.269849	0.279363	0.000000	0.272420	0.271030	0.289710	0.273589	0.272972	0.276498	0.267873	0.273884	0.270910	0.276256	0.279104	0.284115	0.274956	0.273183	0.277443	0.276440	
0.280446	0.282535	0.281645	0.280294	0.277604	0.285913	0.284232	0.278150	0.282801	0.274551	0.280725	0.286862	0.280618	0.277327	0.283422	0.273699	0.276497	0.273739	0.272588	0.282425	0.289067	0.281827	0.270071	0.278163	0.277178	0.276397	0.274056	0.277598	0.279925	0.270458	0.270867	0.273076	0.272904	0.273699	0.274041	0.278213	0.273940	0.273748	0.269520	0.274489	0.277858	0.269526	0.269375	0.275626	0.278220	0.272420	0.000000	0.274505	0.287664	0.276522	0.276081	0.278762	0.273159	0.281797	0.271726	0.271323	0.283457	0.281918	0.279941	0.273659	0.278524	0.270243	
0.290062	0.289058	0.282212	0.286754	0.283496	0.282956	0.282975	0.280336	0.283367	0.276118	0.274409	0.281940	0.278459	0.280459	0.284988	0.281660	0.278034	0.280926	0.278454	0.284702	0.286510	0.278769	0.281548	0.280448	0.276538	0.280529	0.278447	0.278605	0.273027	0.269747	0.272106	0.275715	0.280934	0.279090	0.276721	0.277646	0.279275	0.278065	0.273069	0.267109	0.278897	0.271535	0.266953	0.275947	0.278445	0.271030	0.274505	0.000000	0.289649	0.279038	0.277809	0.277131	0.275478	0.277401	0.273478	0.281892	0.278487	0.288819	0.281527	0.275087	0.279938	0.276715	
0.305678	0.296131	0.293496	0.286810	0.294724	0.300885	0.294585	0.292388	0.287494	0.283766	0.288592	0.296725	0.293967	0.292105	0.300655	0.295984	0.291253	0.286408	0.288473	0.290888	0.304554	0.289586	0.295898	0.296290	0.290875	0.297808	0.288365	0.295505	0.291521	0.289493	0.286566	0.291674	0.286057	0.287530	0.291762	0.284328	0.291124	0.287995	0.286150	0.292404	0.289724	0.284478	0.284196	0.287957	0.292169	0.289710	0.287664	0.289649	0.000000	0.288534	0.293549	0.289811	0.288493	0.292530	0.287227	0.290487	0.285254	0.296493	0.295267	0.286405	0.291376	0.288836	
0.285219	0.286092	0.277077	0.278482	0.275069	0.283438	0.278365	0.274707	0.275643	0.270524	0.277185	0.283527	0.278997	0.277600	0.282366	0.275256	0.270650	0.270369	0.272132	0.282450	0.286864	0.278233	0.282504	0.282916	0.276829	0.277476	0.272284	0.279668	0.273231	0.271772	0.274491	0.276215	0.268258	0.275953	0.274062	0.272849	0.273930	0.271372	0.267688	0.274451	0.280522	0.270637	0.271582	0.275560	0.273268	0.273589	0.276522	0.279038	0.288534	0.000000	0.280552	0.281511	0.274851	0.270085	0.268400	0.279151	0.272959	0.278893	0.281293	0.281147	0.278895	0.267819	
0.285764	0.281588	0.271085	0.283109	0.281591	0.278719	0.276968	0.277434	0.281900	0.273669	0.280329	0.285737	0.285680	0.274627	0.287335	0.277348	0.274203	0.280770	0.270952	0.283588	0.280251	0.279296	0.276747	0.278286	0.278629	0.280013	0.276827	0.277220	0.282424	0.272756	0.280316	0.276393	0.277371	0.278365	0.274939	0.275702	0.277594	0.275286	0.270959	0.271182	0.275690	0.270367	0.276295	0.274443	0.280224	0.272972	0.276081	0.277809	0.293549	0.280552	0.000000	0.278486	0.271082	0.276130	0.271613	0.277989	0.276096	0.283072	0.281880	0.282074	0.279300	0.270197	
0.286172	0.283912	0.278389	0.279096	0.281354	0.288180	0.271449	0.276982	0.284625	0.275722	0.282853	0.283518	0.281559	0.278692	0.278656	0.278978	0.278297	0.280277	0.283313	0.285898	0.284834	0.281196	0.290381	0.279650	0.288794	0.275073	0.276818	0.275948	0.272909	0.278382	0.275310	0.279266	0.277880	0.281312	0.274715	0.277870	0.284990	0.279839	0.277738	0.277544	0.275846	0.269681	0.276260	0.272062	0.276793	0.276498	0.278762	0.277131	0.289811	0.281511	0.278486	0.000000	0.268014	0.269757	0.272241	0.277302	0.273444	0.283128	0.282549	0.276846	0.282264	0.271579	
0.276285	0.277835	0.277052	0.282329	0.279411	0.280600	0.273199	0.274891	0.279077	0.268496	0.279821	0.282765	0.273062	0.274478	0.282187	0.273568	0.276628	0.275969	0.274897	0.282967	0.280961	0.280311	0.278645	0.278829	0.278225	0.276171	0.275073	0.276198	0.273113	0.275754	0.270456	0.271938	0.274968	0.270843	0.277448	0.267757	0.271994	0.276518	0.270731	0.269976	0.274564	0.270608	0.274843	0.272547	0.273044	0.267873	0.273159	0.275478	0.288493	0.274851	0.271082	0.268014	0.000000	0.268660	0.268390	0.280396	0.274515	0.275435	0.283016	0.275961	0.272683	0.264966	
0.275468	0.277622	0.271957	0.273285	0.278991	0.283148	0.273963	0.272350	0.276594	0.271896	0.278402	0.278963	0.283152	0.276826	0.275655	0.276682	0.272793	0.276789	0.271400	0.280662	0.288023	0.271749	0.276668	0.271967	0.273997	0.277584	0.275809	0.272900	0.271422	0.271479	0.275152	0.273078	0.275870	0.273780	0.274090	0.270496	0.269990	0.269889	0.271227	0.270611	0.274137	0.271726	0.275748	0.271924	0.276042	0.273884	0.281797	0.277401	0.292530	0.270085	0.276130	0.269757	0.268660	0.000000	0.268677	0.279971	0.273496	0.281796	0.274545	0.273468	0.272564	0.271239	
0.279558	0.277921	0.273436	0.274700	0.275196	0.281328	0.271031	0.269909	0.272735	0.271558	0.274847	0.275348	0.283347	0.271916	0.270847	0.269908	0.273893	0.274515	0.271569	0.276804	0.281879	0.277075	0.278231	0.270835	0.270506	0.271943	0.267405	0.271047	0.268598	0.266748	0.269491	0.271756	0.271170	0.274072	0.267453	0.266238	0.271222	0.271562	0.264744	0.271492	0.269851	0.263623	0.269019	0.272705	0.272546	0.270910	0.271726	0.273478	0.287227	0.268400	0.271613	0.272241	0.268390	0.268677	0.000000	0.270085	0.269608	0.272970	0.273016	0.271359	0.270056	0.267361	
0.285159	0.291517	0.287239	0.282795	0.281640	0.289299	0.273416	0.278172	0.282910	0.280438	0.284422	0.285497	0.281453	0.276135	0.286143	0.283387	0.275507	0.283064	0.282066	0.281090	0.290199	0.283045	0.282533	0.285215	0.283190	0.283049	0.280107	0.278309	0.267345	0.278341	0.273722	0.279059	0.282407	0.276126	0.273446	0.274487	0.272181	0.275810	0.276301	0.274492	0.280140	0.275165	0.283069	0.277018	0.283329	0.276256	0.271323	0.281892	0.290487	0.279151	0.277989	0.277302	0.280396	0.279971	0.270085	0.000000	0.282472	0.284672	0.285161	0.277049	0.285737	0.269265	
0.279616	0.283410	0.274742	0.275545	0.275966	0.279280	0.282835	0.274666	0.279814	0.275585	0.287995	0.284934	0.283107	0.280584	0.285784	0.276096	0.283862	0.273152	0.275130	0.285987	0.286324	0.276666	0.283416	0.281513	0.276279	0.274710	0.274369	0.274044	0.269953	0.274485	0.278296	0.282607	0.272802	0.276582	0.274036	0.276682	0.275055	0.275286	0.275249	0.271811	0.282598	0.271746	0.277297	0.279253	0.280769	0.279104	0.283457	0.278487	0.285254	0.272959	0.276096	0.273444	0.274515	0.273496	0.269608	0.282472	0.000000	0.278330	0.280719	0.278557	0.278070	0.266908	
0.268897	0.286787	0.289486	0.279202	0.280953	0.273128	0.282257	0.280061	0.285030	0.275021	0.285140	0.292134	0.282892	0.283915	0.287547	0.286012	0.282148	0.277715	0.279307	0.292739	0.271644	0.283470	0.284026	0.287112	0.283858	0.280890	0.278750	0.264407	0.275915	0.279839	0.281137	0.275895	0.280152	0.277035	0.281913	0.279011	0.276837	0.276015	0.277297	0.277515	0.285538	0.273074	0.281992	0.273834	0.280057	0.284115	0.281918	0.288819	0.296493	0.278893	0.283072	0.283128	0.275435	0.281796	0.272970	0.284672	0.278330	0.000000	0.274415	0.284734	0.276901	0.276220	
0.288227	0.281204	0.272779	0.277890	0.285373	0.286978	0.281941	0.278621	0.279125	0.275174	0.277646	0.279980	0.276771	0.280983	0.280946	0.279075	0.282032	0.276205	0.282633	0.285411	0.287778	0.282846	0.282465	0.277034	0.280317	0.277038	0.270488	0.286477	0.288057	0.275729	0.275450	0.278337	0.276906	0.286016	0.282409	0.277283	0.277966	0.282504	0.278322	0.278867	0.286453	0.277625	0.276057	0.284650	0.285933	0.274956	0.279941	0.281527	0.295267	0.281293	0.281880	0.282549	0.283016	0.274545	0.273016	0.285161	0.280719	0.274415	0.000000	0.278291	0.277485	0.276311	
0.283630	0.289761	0.282235	0.282009	0.280054	0.283382	0.279319	0.277104	0.281307	0.276664	0.281053	0.279914	0.285002	0.278541	0.283787	0.280354	0.274771	0.279931	0.275851	0.282665	0.285970	0.280102	0.276936	0.280657	0.275351	0.276436	0.277657	0.276425	0.271309	0.281203	0.278668	0.278807	0.276492	0.274400	0.271393	0.269378	0.277855	0.277873	0.274398	0.272273	0.280886	0.271745	0.275052	0.277933	0.272720	0.273183	0.273659	0.275087	0.286405	0.281147	0.282074	0.276846	0.275961	0.273468	0.271359	0.277049	0.278557	0.284734	0.278291	0.000000	0.273253	0.271182	
0.281068	0.276467	0.277973	0.275346	0.280606	0.280915	0.270721	0.278901	0.271936	0.271641	0.278042	0.274849	0.273966	0.276430	0.277980	0.280534	0.274823	0.271774	0.276768	0.276428	0.284614	0.278317	0.274369	0.275469	0.273785	0.271870	0.268101	0.273592	0.279449	0.273385	0.275622	0.283237	0.280514	0.281222	0.277832	0.280378	0.271843	0.272698	0.276792	0.271205	0.277994	0.274884	0.274053	0.277303	0.278084	0.277443	0.278524	0.279938	0.291376	0.278895	0.279300	0.282264	0.272683	0.272564	0.270056	0.285737	0.278070	0.276901	0.277485	0.273253	0.000000	0.269098	
0.277870	0.278130	0.266293	0.273288	0.278844	0.270631	0.270270	0.279397	0.277330	0.274331	0.273781	0.280116	0.277298	0.266236	0.277301	0.269945	0.274420	0.272832	0.279137	0.278612	0.278145	0.267263	0.273535	0.276719	0.271244	0.271496	0.268395	0.264354	0.266369	0.267121	0.270752	0.267349	0.267741	0.274409	0.271536	0.269757	0.268758	0.267409	0.263791	0.269250	0.271712	0.262941	0.267878	0.276296	0.278601	0.276440	0.270243	0.276715	0.288836	0.267819	0.270197	0.271579	0.264966	0.271239	0.267361	0.269265	0.266908	0.276220	0.276311	0.271182	0.269098	0.000000	
