0.00000000099999999998 0.99999999799999994554 0.00000000099999999998 
0.00000000099999999996 0.99999999799999994554 0.00000000099999999996 
0.99999999799999994554 0.00000000099999999998 0.00000000099999999998 
0.45175902418716307185 0.28314781293403890050 0.26509316287879813867 
0.65223557399264919798 0.34776441754666220785 0.00000000846068866609 
0.99999999800000005656 0.00000000099999999997 0.00000000099999999997 
0.27097145115196374920 0.40418684952363864715 0.32484169932439754813 
0.38282935664353584526 0.43997596593313420543 0.17719467742333000482 
0.00000000099999999995 0.99999999799999994554 0.00000000099999999995 
0.25502018116763319755 0.40983319907658843917 0.33514661975577841879 
0.99999999800000005656 0.00000000099999999998 0.00000000099999999998 
0.00000000099999999996 0.99999999800000005656 0.00000000099999999996 
0.99999999800000005656 0.00000000099999999997 0.00000000099999999997 
0.00000000099999999996 0.99999999800000005656 0.00000000099999999996 
0.99999999799999994554 0.00000000099999999996 0.00000000099999999996 
0.99999999800000005656 0.00000000099999999997 0.00000000099999999997 
0.17341492049498313799 0.51885336104696366810 0.30773171845805324942 
0.99999999800000005656 0.00000000099999999998 0.00000000099999999998 
0.00000000099999999999 0.73869930657018423314 0.26130069242981585065 
0.00000000099999999997 0.99999999800000005656 0.00000000099999999997 
0.00000000099999999997 0.99999999800000005656 0.00000000099999999997 
0.80644548233132284931 0.19355451666867715121 0.00000000099999999999 
0.35115494771493688253 0.46034977941500726528 0.18849527287005582443 
0.68221180336700093516 0.31745490186607783212 0.00033329476692123429 
0.76431827778100736026 0.23568172121899255700 0.00000000099999999999 
0.99999999800000005656 0.00000000099999999997 0.00000000099999999997 
0.00000000099999999999 0.99999999800000005656 0.00000000099999999999 
0.19037944725775696186 0.17842781362603310491 0.63119273911620998874 
0.28975397157540144777 0.00000000100000000000 0.71024602742459863602 
0.14546865079330509318 0.00000000130471653906 0.85453134790197837756 
0.21183151335255007153 0.00000000100000000000 0.78816848564744990124 
0.00000000700731701976 0.00000033154762694189 0.99999966144505614274 
0.12667783555943956664 0.04101543138328162669 0.83230673305727886913 
0.00000000099999999999 0.00000000099999999999 0.99999999800000005656 
0.00000000100000000000 0.00000000100000000000 0.99999999799999994554 
0.00000000099999999999 0.00000000099999999999 0.99999999800000005656 
0.00000000552953458684 0.00000000100000000000 0.99999999347046542031 
0.13496827148862339252 0.00000000100000000000 0.86503172751137669128 
0.00188330979445638187 0.00000000100000000000 0.99811668920554363904 
0.13717799797652291405 0.06490759977865102892 0.79791440224482601540 
0.14758411733676263244 0.00000000099999999999 0.85241588166323745135 
0.00000000100000000000 0.00036371887527727212 0.99963628012472260931 
0.00000000100000000000 0.00000000100000000000 0.99999999800000005656 
0.00000000100000000000 0.10061845270454457257 0.89938154629545541408 
0.00058692036304407375 0.22666787906431962174 0.77274520057263629269 
0.10685263485106329118 0.00000004177932768587 0.89314732336960900305 
0.00000000100000000000 0.08048756026758484283 0.91951243873241506055 
0.19978677277087991682 0.00000000100000000000 0.80021322622912016698 
0.00000000099999999998 0.00000000099999999998 0.99999999799999994554 
0.00000000100000000000 0.00000492361559910970 0.99999507538440080001 
0.10090303046353074623 0.00106158646135947991 0.89803538307510977212 
0.16982036387100513108 0.00000000100000000000 0.83017963512899495271 
0.20433606253569078226 0.00064672952848833824 0.79501720793582086877 
0.17470461291693561989 0.00000236916546513937 0.82529301791759912543 
0.00000102218953863462 0.14925510656154464262 0.85074387124891681644 
0.00000000099999999999 0.00000000099999999999 0.99999999800000005656 
0.11600193987457813050 0.00000000100000000000 0.88399805912542184227 
0.23043481318372383004 0.00000000100000000000 0.76956518581627630926 
0.42332793565893633847 0.13618314880090545693 0.44048891554015823235 
0.13378518504169698011 0.00000000099999999999 0.86621481395830290939 
0.25432145474087963777 0.31116247035346722427 0.43451607490565308245 
0.22065800828111031828 0.00000000100000000000 0.77934199071888965449 
