0.35693733857988713121 0.00000075514970239104 0.00000000100000000000 0.64306190527041040550 
0.00000000099999999996 0.00000000099999999996 0.00000000099999999996 0.99999999700000008485 
0.00000000099999999993 0.00000000099999999993 0.99999999699999997382 0.00000000099999999993 
0.00000000099999999998 0.00000000099999999998 0.60943298209737795101 0.39056701590262199453 
0.00000000100000000000 0.00000000100000000000 0.34012247808292200846 0.65987751991707810362 
0.00000000099999999996 0.00000000099999999996 0.00000000099999999996 0.99999999699999997382 
0.00000000100000000000 0.39131515157361518309 0.00000297640478304479 0.60868187102160165036 
0.35840784923502416737 0.00000000099999999999 0.00000000099999999999 0.64159214876497583369 
0.00000000099999999996 0.00000000099999999996 0.00000000099999999996 0.99999999700000008485 
0.24432414674440181002 0.00000000100000000000 0.24213289731185427822 0.51354295494374391229 
0.00000000099999999999 0.00000000099999999999 0.40560302191299602015 0.59439697608700403642 
0.00000000099999999995 0.00000000099999999995 0.00000000099999999995 0.99999999699999997382 
0.00000000391911426193 0.00000000100000000000 0.43779746245417427986 0.56220253262671149308 
0.00000000099999999997 0.00000000099999999997 0.00000000099999999997 0.99999999699999997382 
0.00000000099999999995 0.00000000099999999995 0.00000000099999999995 0.99999999699999997382 
0.27738196017213739841 0.18060354757996446851 0.09072602447912919699 0.45128846776876896385 
0.00000000099999999999 0.31815154646505594549 0.00000000099999999999 0.68184845153494400005 
0.23295078684238937350 0.00000000099999999999 0.00000000099999999999 0.76704921115761059980 
0.12537695934928647090 0.19626912009850930318 0.09499832493137458367 0.58335559562082972551 
0.00000000099999999998 0.00000000099999999998 0.00000000099999999998 0.99999999699999997382 
0.00000000099999999996 0.00000000099999999996 0.00000000099999999996 0.99999999699999997382 
0.29393769229150756850 0.00000000099999999999 0.00000000099999999999 0.70606230570849226602 
0.00000000099999999999 0.17028512825339406356 0.20794267478380337733 0.62177219596280253189 
0.00000000100000000000 0.00000000100000000000 0.36721572849202793742 0.63278426950797206363 
0.00000000099999999999 0.00000000099999999999 0.17680550256884583482 0.82319449543115430501 
0.00000000099999999999 0.30504507374047423740 0.00000000099999999999 0.69495492425952565263 
0.00000000099999999999 0.00000000099999999999 0.45652179892912181369 0.54347819907087824287 
0.00000000099999999995 0.00000000099999999995 0.99999999699999986280 0.00000000099999999995 
0.00000000099999999995 0.00000000099999999995 0.99999999699999986280 0.00000000099999999995 
0.41119611301387348767 0.32358192829288395798 0.26522195769324258263 0.00000000100000000000 
0.00000000099999999999 0.51712199689989024609 0.48287800110010975496 0.00000000099999999999 
0.31630977342657873308 0.45481003930748692410 0.22888018626593426008 0.00000000100000000000 
0.99999999700000008485 0.00000000099999999996 0.00000000099999999996 0.00000000099999999996 
0.00000000099999999996 0.99999999700000008485 0.00000000099999999996 0.00000000099999999996 
0.00000000099999999996 0.99999999700000008485 0.00000000099999999996 0.00000000099999999996 
0.00000000099999999998 0.55292671638122359301 0.44707328161877635253 0.00000000099999999998 
0.48613154086690413269 0.51386845713309603489 0.00000000099999999999 0.00000000099999999999 
0.35364146155906572844 0.52629936257605303140 0.12005917486488118517 0.00000000100000000000 
0.00000000099999999996 0.99999999699999997382 0.00000000099999999996 0.00000000099999999996 
0.99999999700000008485 0.00000000099999999996 0.00000000099999999996 0.00000000099999999996 
0.27136601322002434911 0.45736612304905122084 0.27126786273092429180 0.00000000099999999999 
0.35753995104852898113 0.41869243176841935972 0.22376761618305171520 0.00000000100000000000 
0.00000000099999999996 0.99999999699999997382 0.00000000099999999996 0.00000000099999999996 
0.99999999700000008485 0.00000000099999999995 0.00000000099999999995 0.00000000099999999995 
0.21512796648572340974 0.35767516051858860848 0.27595447369072473309 0.15124239930496327644 
0.00000000099999999997 0.99999999700000008485 0.00000000099999999997 0.00000000099999999997 
0.00000000099999999996 0.99999999700000008485 0.00000000099999999996 0.00000000099999999996 
0.32322365524637164391 0.47345973895382653662 0.11550715878673166459 0.08780944701307018263 
0.00000000099999999987 0.00000000099999999987 0.99999999699999986280 0.00000000099999999987 
0.35080023803778470626 0.64919975996221523928 0.00000000099999999999 0.00000000099999999999 
0.51767258021998951989 0.48232741778001042565 0.00000000099999999999 0.00000000099999999999 
0.70634843991624041148 0.00000000099999999998 0.29365155808375953406 0.00000000099999999998 
0.63765738497335677781 0.00003389007553587535 0.36230872395110735873 0.00000000100000000000 
0.60040128459677000183 0.00000000099999999999 0.39959871340322983269 0.00000000099999999999 
0.99999999700000008485 0.00000000099999999996 0.00000000099999999996 0.00000000099999999996 
0.00000000099999999995 0.99999999700000008485 0.00000000099999999995 0.00000000099999999995 
0.99999999699999997382 0.00000000099999999995 0.00000000099999999995 0.00000000099999999995 
0.99999999699999997382 0.00000000099999999995 0.00000000099999999995 0.00000000099999999995 
0.67159863862298330162 0.00000000099999999999 0.00000000099999999999 0.32840135937701658841 
0.00000000099999999999 0.58396138343119674552 0.41603861456880320002 0.00000000099999999999 
0.60978002004487208421 0.00000000099999999999 0.00000000099999999999 0.39021997795512797236 
0.45334904191785257987 0.22300217048405493458 0.32364878659809237504 0.00000000100000000000 
