0.000000	0.269206	0.275942	0.274680	0.271475	0.263988	0.279048	0.282097	0.276810	0.278933	0.281138	0.276097	0.277004	0.276911	0.277972	0.274350	0.269280	0.278898	0.275676	0.283125	0.282285	0.278031	0.276060	0.272310	0.260593	0.267872	0.269446	0.280385	0.282510	0.279771	0.273578	0.276995	0.261970	0.277041	0.271326	0.287168	0.283093	0.282743	0.282720	0.274277	0.278584	0.280458	0.276708	0.274135	0.273951	0.283518	0.272837	0.287485	0.279095	0.279688	0.281550	0.279399	0.280855	0.301425	0.287175	0.281237	0.279715	0.276075	0.275218	0.276055	0.282337	0.277197	0.266609	0.271439	0.281363	0.284062	0.274871	0.270561	
0.269206	0.000000	0.278264	0.274144	0.267608	0.277854	0.277920	0.281852	0.279308	0.282776	0.282683	0.279945	0.273366	0.269125	0.280859	0.276158	0.260961	0.283449	0.272288	0.271303	0.269575	0.267735	0.276461	0.264036	0.269100	0.272240	0.272799	0.272351	0.272193	0.265885	0.272264	0.272860	0.272538	0.272677	0.273353	0.278893	0.278206	0.279133	0.286852	0.277716	0.278838	0.281382	0.275262	0.278576	0.277615	0.281293	0.276891	0.276559	0.282613	0.281582	0.286470	0.279206	0.281410	0.295543	0.281010	0.281758	0.283394	0.273498	0.281806	0.276410	0.286505	0.279594	0.282789	0.268454	0.273401	0.284658	0.268605	0.277816	
0.275942	0.278264	0.000000	0.264402	0.272668	0.272908	0.278899	0.272564	0.282695	0.276194	0.288142	0.284966	0.271525	0.282510	0.287863	0.272866	0.276379	0.276807	0.276564	0.268827	0.285317	0.274514	0.270041	0.275696	0.277778	0.280897	0.271967	0.271413	0.270763	0.272015	0.271211	0.271164	0.274488	0.277867	0.273126	0.276207	0.275233	0.279550	0.281406	0.275832	0.275231	0.275890	0.279988	0.278243	0.279135	0.275918	0.271666	0.275780	0.279175	0.281769	0.276646	0.279201	0.275298	0.291407	0.277870	0.279307	0.280545	0.276477	0.274771	0.280427	0.281637	0.273607	0.281025	0.277247	0.271088	0.276015	0.274691	0.274476	
0.274680	0.274144	0.264402	0.000000	0.264760	0.269804	0.272067	0.271815	0.278347	0.274807	0.281263	0.279696	0.266896	0.275916	0.279757	0.274840	0.274489	0.275410	0.270042	0.277483	0.278787	0.277156	0.269753	0.272445	0.278061	0.267457	0.269425	0.268908	0.268034	0.272049	0.272876	0.265338	0.269687	0.269610	0.272086	0.266679	0.275599	0.267265	0.274759	0.272275	0.268743	0.277829	0.278015	0.277931	0.276770	0.277106	0.269914	0.280504	0.279197	0.278353	0.280348	0.277677	0.278336	0.288254	0.271988	0.277416	0.275645	0.274189	0.277351	0.272663	0.281056	0.272230	0.271238	0.265406	0.268077	0.273961	0.275605	0.268546	
0.271475	0.267608	0.272668	0.264760	0.000000	0.269818	0.272129	0.276845	0.279549	0.276091	0.287622	0.279232	0.267548	0.270438	0.281280	0.265959	0.269754	0.275798	0.267931	0.264983	0.273704	0.265235	0.275961	0.273417	0.278779	0.275938	0.269016	0.266337	0.273160	0.267865	0.275699	0.262114	0.283039	0.273314	0.264538	0.278361	0.267004	0.274537	0.283701	0.271946	0.275490	0.281965	0.276457	0.274659	0.273397	0.283942	0.275239	0.279442	0.277162	0.284622	0.277911	0.272464	0.274839	0.294686	0.275923	0.275254	0.278405	0.274546	0.276974	0.273810	0.276905	0.271414	0.275612	0.272515	0.273172	0.274268	0.274093	0.272554	
0.263988	0.277854	0.272908	0.269804	0.269818	0.000000	0.274442	0.283228	0.285010	0.281046	0.285549	0.281374	0.275447	0.274341	0.285280	0.275354	0.275652	0.283051	0.267712	0.269099	0.279523	0.268909	0.274123	0.269447	0.260992	0.262397	0.262278	0.259772	0.272871	0.265503	0.265817	0.272671	0.275122	0.269073	0.271387	0.276042	0.278777	0.282186	0.287597	0.278325	0.279732	0.278279	0.281688	0.280337	0.280277	0.283038	0.281851	0.282394	0.278584	0.289224	0.285037	0.284241	0.283758	0.303460	0.286715	0.281977	0.289764	0.284266	0.273645	0.283385	0.286097	0.277196	0.270717	0.263013	0.275305	0.280304	0.274461	0.272269	
0.279048	0.277920	0.278899	0.272067	0.272129	0.274442	0.000000	0.272940	0.280026	0.269696	0.283924	0.280698	0.271215	0.266914	0.282389	0.267584	0.267830	0.270231	0.271360	0.274356	0.268185	0.262229	0.269601	0.268652	0.278692	0.275597	0.278447	0.275066	0.269532	0.278228	0.274189	0.273532	0.277321	0.275153	0.273923	0.276288	0.276309	0.276883	0.279160	0.263826	0.272933	0.270546	0.270479	0.267113	0.272351	0.276144	0.270507	0.274373	0.271572	0.272418	0.274671	0.274659	0.272081	0.292322	0.278352	0.275118	0.267029	0.274873	0.272661	0.272427	0.268235	0.281730	0.278462	0.271943	0.276380	0.273573	0.270515	0.271286	
0.282097	0.281852	0.272564	0.271815	0.276845	0.283228	0.272940	0.000000	0.273137	0.270208	0.276117	0.274923	0.274553	0.273640	0.275610	0.273804	0.266039	0.271472	0.273292	0.276699	0.276458	0.266880	0.268502	0.273657	0.276213	0.289890	0.272062	0.271232	0.271579	0.271582	0.277404	0.273716	0.280766	0.284713	0.274175	0.285446	0.280696	0.283655	0.277081	0.272806	0.271669	0.269759	0.276703	0.268629	0.272064	0.277174	0.267874	0.275125	0.271942	0.274942	0.275651	0.270323	0.276003	0.285410	0.270620	0.274609	0.274332	0.277799	0.268756	0.272672	0.274876	0.280481	0.277869	0.284825	0.281869	0.279856	0.279789	0.284467	
0.276810	0.279308	0.282695	0.278347	0.279549	0.285010	0.280026	0.273137	0.000000	0.277508	0.107652	0.105418	0.271387	0.262559	0.109016	0.277030	0.278120	0.278241	0.284720	0.286812	0.273823	0.275147	0.259827	0.280103	0.270133	0.284943	0.286290	0.280295	0.274808	0.282982	0.284657	0.286049	0.287063	0.288822	0.284749	0.282426	0.288720	0.291066	0.285947	0.282120	0.284807	0.284760	0.277526	0.281893	0.283348	0.286423	0.277233	0.283447	0.285072	0.286769	0.281580	0.284023	0.281875	0.296841	0.280225	0.285528	0.286372	0.285091	0.286079	0.280098	0.287102	0.292863	0.294010	0.283384	0.285921	0.287771	0.280760	0.289298	
0.278933	0.282776	0.276194	0.274807	0.276091	0.281046	0.269696	0.270208	0.277508	0.000000	0.280798	0.280357	0.273294	0.273231	0.282148	0.273474	0.269486	0.110330	0.274506	0.276411	0.276064	0.273250	0.266948	0.265195	0.284104	0.284045	0.282330	0.276681	0.270693	0.275876	0.275331	0.270391	0.283682	0.276659	0.277280	0.276415	0.272522	0.278393	0.282306	0.275015	0.278282	0.273368	0.273978	0.272687	0.278459	0.281723	0.269400	0.276023	0.276133	0.275501	0.280420	0.273465	0.276330	0.292740	0.276003	0.276895	0.275250	0.272917	0.279216	0.272331	0.280200	0.283946	0.276669	0.276006	0.280336	0.277514	0.278589	0.282125	
0.281138	0.282683	0.288142	0.281263	0.287622	0.285549	0.283924	0.276117	0.107652	0.280798	0.000000	0.107737	0.279218	0.264676	0.109106	0.280926	0.279704	0.281392	0.283937	0.290623	0.274710	0.278409	0.263009	0.279855	0.272147	0.289381	0.287690	0.286017	0.278834	0.285453	0.283880	0.288707	0.293893	0.292362	0.288885	0.287946	0.290551	0.294888	0.290218	0.283151	0.283897	0.285439	0.282181	0.286759	0.286675	0.287125	0.279920	0.290404	0.287034	0.288769	0.286359	0.284449	0.285458	0.300713	0.284590	0.288567	0.290176	0.288066	0.290584	0.283890	0.286709	0.294110	0.297217	0.288502	0.291532	0.291755	0.282891	0.291451	
0.276097	0.279945	0.284966	0.279696	0.279232	0.281374	0.280698	0.274923	0.105418	0.280357	0.107737	0.000000	0.276103	0.264193	0.111507	0.280483	0.280310	0.276582	0.283599	0.284045	0.276431	0.279157	0.261258	0.279636	0.269951	0.281505	0.286374	0.280335	0.274308	0.286250	0.281531	0.281642	0.292510	0.288108	0.285659	0.280848	0.288668	0.289365	0.292312	0.282245	0.282186	0.289251	0.280066	0.285731	0.287148	0.286263	0.277869	0.286966	0.288079	0.287159	0.287069	0.286778	0.287159	0.299486	0.283827	0.288103	0.291378	0.286517	0.290262	0.282473	0.290666	0.291713	0.294985	0.282695	0.284688	0.289803	0.278381	0.287679	
0.277004	0.273366	0.271525	0.266896	0.267548	0.275447	0.271215	0.274553	0.271387	0.273294	0.279218	0.276103	0.000000	0.267440	0.277345	0.261096	0.270813	0.271676	0.268771	0.273447	0.280453	0.262211	0.272655	0.273507	0.271282	0.272560	0.270925	0.271816	0.270407	0.270716	0.277644	0.276177	0.281240	0.276449	0.272132	0.276106	0.274856	0.281914	0.277686	0.275419	0.270361	0.264224	0.276835	0.265880	0.272905	0.278176	0.271553	0.274355	0.277953	0.274717	0.277463	0.270386	0.269823	0.287524	0.277426	0.276095	0.275967	0.275823	0.278142	0.270495	0.275627	0.285446	0.281364	0.271532	0.272017	0.272821	0.275921	0.278722	
0.276911	0.269125	0.282510	0.275916	0.270438	0.274341	0.266914	0.273640	0.262559	0.273231	0.264676	0.264193	0.267440	0.000000	0.264372	0.277039	0.261297	0.275735	0.265491	0.275412	0.272843	0.270412	0.277498	0.272114	0.269450	0.282708	0.277701	0.271697	0.260940	0.272739	0.279727	0.265642	0.285132	0.285480	0.278825	0.280247	0.276913	0.286612	0.280887	0.282706	0.273783	0.271578	0.276085	0.273087	0.272241	0.279292	0.275192	0.275667	0.276533	0.280128	0.280223	0.276306	0.269640	0.291857	0.275198	0.277452	0.270070	0.275764	0.273674	0.276564	0.281643	0.285271	0.288509	0.283776	0.277683	0.278440	0.276596	0.278844	
0.277972	0.280859	0.287863	0.279757	0.281280	0.285280	0.282389	0.275610	0.109016	0.282148	0.109106	0.111507	0.277345	0.264372	0.000000	0.279956	0.277653	0.279886	0.282613	0.286175	0.273704	0.278486	0.260613	0.281950	0.274553	0.286031	0.284580	0.282029	0.278859	0.285923	0.281822	0.286397	0.288422	0.291058	0.286495	0.287478	0.287375	0.292061	0.288758	0.280581	0.282174	0.283050	0.277853	0.284599	0.286877	0.286721	0.276682	0.281949	0.284510	0.288047	0.283852	0.280727	0.284704	0.299958	0.282505	0.286070	0.290596	0.283560	0.289090	0.283076	0.286425	0.289134	0.296313	0.285218	0.292339	0.288806	0.282890	0.288525	
0.274350	0.276158	0.272866	0.274840	0.265959	0.275354	0.267584	0.273804	0.277030	0.273474	0.280926	0.280483	0.261096	0.277039	0.279956	0.000000	0.277746	0.267864	0.269844	0.271061	0.273604	0.273361	0.277234	0.273860	0.276022	0.282477	0.269331	0.276805	0.267843	0.274073	0.266924	0.272278	0.278863	0.279205	0.277971	0.282495	0.276676	0.285369	0.279314	0.272918	0.272526	0.275348	0.269314	0.274340	0.273431	0.276777	0.268325	0.271622	0.268587	0.276543	0.272793	0.275227	0.270962	0.287802	0.276414	0.279175	0.279948	0.268215	0.277724	0.271301	0.279258	0.280728	0.281838	0.283775	0.272091	0.275184	0.274981	0.277763	
0.269280	0.260961	0.276379	0.274489	0.269754	0.275652	0.267830	0.266039	0.278120	0.269486	0.279704	0.280310	0.270813	0.261297	0.277653	0.277746	0.000000	0.268707	0.266497	0.271886	0.272261	0.267180	0.264841	0.261751	0.272406	0.276256	0.276713	0.268705	0.269949	0.273048	0.268934	0.261014	0.275196	0.280906	0.273408	0.281553	0.276777	0.275858	0.282434	0.268656	0.278655	0.269275	0.272990	0.275004	0.271154	0.275824	0.269443	0.271054	0.272682	0.277426	0.277319	0.271415	0.271367	0.288244	0.274177	0.270446	0.277257	0.270964	0.271452	0.271264	0.276119	0.282014	0.282643	0.276216	0.285414	0.275987	0.275706	0.270659	
0.278898	0.283449	0.276807	0.275410	0.275798	0.283051	0.270231	0.271472	0.278241	0.110330	0.281392	0.276582	0.271676	0.275735	0.279886	0.267864	0.268707	0.000000	0.273273	0.272857	0.275601	0.275041	0.273533	0.267561	0.289437	0.282015	0.276619	0.278282	0.269022	0.275098	0.277729	0.272057	0.284362	0.279849	0.273481	0.277593	0.272623	0.283008	0.281991	0.272659	0.277497	0.270679	0.273033	0.272045	0.278020	0.280679	0.270276	0.276996	0.273938	0.275362	0.277214	0.272327	0.277930	0.292301	0.279056	0.276921	0.275428	0.275096	0.282311	0.272762	0.274861	0.284268	0.278144	0.277039	0.278110	0.281797	0.281506	0.283303	
0.275676	0.272288	0.276564	0.270042	0.267931	0.267712	0.271360	0.273292	0.284720	0.274506	0.283937	0.283599	0.268771	0.265491	0.282613	0.269844	0.266497	0.273273	0.000000	0.269135	0.276499	0.264016	0.273627	0.272528	0.278169	0.284074	0.277972	0.272784	0.274364	0.267992	0.271997	0.276362	0.280431	0.282636	0.279202	0.285363	0.282920	0.282657	0.284145	0.275060	0.274300	0.274097	0.277412	0.275341	0.274491	0.280749	0.280446	0.284342	0.284440	0.278942	0.280797	0.276003	0.280492	0.295937	0.283994	0.274553	0.275857	0.275832	0.278512	0.276356	0.277630	0.281263	0.283484	0.275616	0.279799	0.281752	0.280287	0.285350	
0.283125	0.271303	0.268827	0.277483	0.264983	0.269099	0.274356	0.276699	0.286812	0.276411	0.290623	0.284045	0.273447	0.275412	0.286175	0.271061	0.271886	0.272857	0.269135	0.000000	0.282249	0.264891	0.270358	0.278125	0.280492	0.278657	0.267019	0.277849	0.271377	0.275697	0.272440	0.273510	0.281505	0.274882	0.272146	0.276259	0.278041	0.278120	0.280863	0.270324	0.273881	0.277189	0.271938	0.274979	0.275184	0.276133	0.275012	0.269338	0.276976	0.279040	0.275585	0.270387	0.273871	0.291996	0.275862	0.273451	0.280263	0.267990	0.272260	0.271560	0.279919	0.279146	0.283009	0.278882	0.284581	0.275462	0.278390	0.269158	
0.282285	0.269575	0.285317	0.278787	0.273704	0.279523	0.268185	0.276458	0.273823	0.276064	0.274710	0.276431	0.280453	0.272843	0.273704	0.273604	0.272261	0.275601	0.276499	0.282249	0.000000	0.267000	0.268488	0.264437	0.278228	0.278437	0.278609	0.277245	0.278230	0.280137	0.277234	0.278657	0.285761	0.282609	0.274274	0.282228	0.279064	0.283436	0.280007	0.269830	0.276266	0.274135	0.282648	0.276148	0.270303	0.277911	0.271702	0.275614	0.273307	0.279332	0.280378	0.274144	0.273283	0.291313	0.268160	0.272772	0.282419	0.278244	0.275191	0.276016	0.275237	0.282069	0.284240	0.277085	0.285218	0.275723	0.282975	0.276279	
0.278031	0.267735	0.274514	0.277156	0.265235	0.268909	0.262229	0.266880	0.275147	0.273250	0.278409	0.279157	0.262211	0.270412	0.278486	0.273361	0.267180	0.275041	0.264016	0.264891	0.267000	0.000000	0.274209	0.278679	0.274798	0.278264	0.271385	0.273634	0.265729	0.266954	0.271920	0.276562	0.281236	0.277670	0.271512	0.276892	0.273804	0.276982	0.280096	0.276190	0.272111	0.269287	0.272689	0.265748	0.269758	0.279364	0.272006	0.269998	0.271148	0.270903	0.278001	0.267772	0.271660	0.284615	0.271418	0.271732	0.276491	0.276550	0.276642	0.271848	0.273987	0.277476	0.278594	0.272448	0.276718	0.273261	0.276590	0.275690	
0.276060	0.276461	0.270041	0.269753	0.275961	0.274123	0.269601	0.268502	0.259827	0.266948	0.263009	0.261258	0.272655	0.277498	0.260613	0.277234	0.264841	0.273533	0.273627	0.270358	0.268488	0.274209	0.000000	0.270757	0.275551	0.275137	0.279553	0.266222	0.271634	0.273219	0.272684	0.272542	0.277438	0.278431	0.268898	0.278593	0.280390	0.277083	0.276726	0.274615	0.275636	0.275086	0.276121	0.268055	0.271588	0.279255	0.269706	0.278218	0.269950	0.279218	0.279318	0.272323	0.270966	0.290105	0.272172	0.271313	0.285120	0.272323	0.272321	0.278372	0.276349	0.278881	0.279362	0.269603	0.284839	0.274089	0.276556	0.274666	
0.272310	0.264036	0.275696	0.272445	0.273417	0.269447	0.268652	0.273657	0.280103	0.265195	0.279855	0.279636	0.273507	0.272114	0.281950	0.273860	0.261751	0.267561	0.272528	0.278125	0.264437	0.278679	0.270757	0.000000	0.279745	0.277551	0.275853	0.268882	0.281954	0.274192	0.276816	0.279359	0.278334	0.278219	0.274734	0.280428	0.276974	0.281347	0.280182	0.271210	0.270997	0.274752	0.273353	0.273821	0.271885	0.277848	0.267571	0.272722	0.272915	0.276203	0.283212	0.270953	0.273618	0.287274	0.277582	0.274669	0.277882	0.273716	0.271506	0.268175	0.269241	0.282207	0.286592	0.274181	0.284712	0.281060	0.275421	0.274861	
0.260593	0.269100	0.277778	0.278061	0.278779	0.260992	0.278692	0.276213	0.270133	0.284104	0.272147	0.269951	0.271282	0.269450	0.274553	0.276022	0.272406	0.289437	0.278169	0.280492	0.278228	0.274798	0.275551	0.279745	0.000000	0.260044	0.273672	0.275658	0.277256	0.270816	0.280539	0.282695	0.272193	0.279100	0.283920	0.286734	0.294262	0.286382	0.288231	0.282556	0.281903	0.280064	0.282709	0.284976	0.282969	0.283243	0.279942	0.283393	0.285220	0.283808	0.288416	0.281934	0.280747	0.305807	0.290400	0.287460	0.285625	0.283536	0.286295	0.284065	0.285310	0.281081	0.269326	0.266330	0.282607	0.285686	0.280427	0.277325	
0.267872	0.272240	0.280897	0.267457	0.275938	0.262397	0.275597	0.289890	0.284943	0.284045	0.289381	0.281505	0.272560	0.282708	0.286031	0.282477	0.276256	0.282015	0.284074	0.278657	0.278437	0.278264	0.275137	0.277551	0.260044	0.000000	0.271590	0.276202	0.276042	0.272104	0.277544	0.278172	0.275819	0.280449	0.277464	0.273356	0.281774	0.279256	0.288449	0.278964	0.279148	0.281452	0.282401	0.278039	0.277143	0.285836	0.282587	0.290872	0.286849	0.288106	0.284708	0.280954	0.288014	0.301189	0.286535	0.285016	0.290979	0.282310	0.283054	0.281721	0.286913	0.276543	0.264695	0.096894	0.279836	0.284559	0.282494	0.272789	
0.269446	0.272799	0.271967	0.269425	0.269016	0.262278	0.278447	0.272062	0.286290	0.282330	0.287690	0.286374	0.270925	0.277701	0.284580	0.269331	0.276713	0.276619	0.277972	0.267019	0.278609	0.271385	0.279553	0.275853	0.273672	0.271590	0.000000	0.268335	0.268086	0.262300	0.274441	0.277385	0.273435	0.274912	0.271383	0.279820	0.281768	0.273599	0.279037	0.279348	0.280075	0.277760	0.284116	0.277217	0.273640	0.280785	0.277608	0.279970	0.277522	0.281582	0.279120	0.275065	0.280171	0.291757	0.284492	0.278023	0.288963	0.281405	0.278712	0.278899	0.279370	0.274770	0.272121	0.269297	0.276686	0.274087	0.275563	0.269085	
0.280385	0.272351	0.271413	0.268908	0.266337	0.259772	0.275066	0.271232	0.280295	0.276681	0.286017	0.280335	0.271816	0.271697	0.282029	0.276805	0.268705	0.278282	0.272784	0.277849	0.277245	0.273634	0.266222	0.268882	0.275658	0.276202	0.268335	0.000000	0.273599	0.265526	0.275251	0.273804	0.277965	0.270694	0.266171	0.276987	0.277468	0.278560	0.279718	0.272599	0.273668	0.270935	0.279721	0.271456	0.273356	0.279731	0.274828	0.274944	0.276921	0.281109	0.282129	0.267845	0.277281	0.290139	0.278576	0.276727	0.282012	0.274425	0.276155	0.276871	0.279264	0.279223	0.276837	0.271875	0.279464	0.270991	0.269557	0.274762	
0.282510	0.272193	0.270763	0.268034	0.273160	0.272871	0.269532	0.271579	0.274808	0.270693	0.278834	0.274308	0.270407	0.260940	0.278859	0.267843	0.269949	0.269022	0.274364	0.271377	0.278230	0.265729	0.271634	0.281954	0.277256	0.276042	0.268086	0.273599	0.000000	0.267902	0.269588	0.270900	0.275433	0.278202	0.266849	0.276774	0.273828	0.277492	0.276368	0.275006	0.277723	0.277327	0.275749	0.273262	0.274421	0.279629	0.277532	0.277315	0.278275	0.279333	0.278906	0.274839	0.274545	0.294373	0.278571	0.278373	0.281675	0.277137	0.272386	0.279750	0.283888	0.271847	0.282916	0.272708	0.272623	0.274903	0.271208	0.278020	
0.279771	0.265885	0.272015	0.272049	0.267865	0.265503	0.278228	0.271582	0.282982	0.275876	0.285453	0.286250	0.270716	0.272739	0.285923	0.274073	0.273048	0.275098	0.267992	0.275697	0.280137	0.266954	0.273219	0.274192	0.270816	0.272104	0.262300	0.265526	0.267902	0.000000	0.269294	0.271091	0.277782	0.270662	0.277360	0.275374	0.275404	0.276027	0.278829	0.279624	0.274501	0.279398	0.275849	0.279485	0.273962	0.280669	0.270046	0.280093	0.278044	0.284870	0.283963	0.273945	0.278756	0.293453	0.277909	0.279307	0.288268	0.280295	0.275289	0.281555	0.280235	0.277028	0.277194	0.265631	0.274156	0.272550	0.276135	0.273425	
0.273578	0.272264	0.271211	0.272876	0.275699	0.265817	0.274189	0.277404	0.284657	0.275331	0.283880	0.281531	0.277644	0.279727	0.281822	0.266924	0.268934	0.277729	0.271997	0.272440	0.277234	0.271920	0.272684	0.276816	0.280539	0.277544	0.274441	0.275251	0.269588	0.269294	0.000000	0.273989	0.274289	0.277409	0.277327	0.277139	0.274271	0.283001	0.282931	0.269770	0.277481	0.277167	0.275785	0.273859	0.279527	0.282972	0.274273	0.275973	0.280700	0.283945	0.278987	0.276709	0.278091	0.297669	0.276385	0.276646	0.277823	0.275071	0.275624	0.280335	0.284364	0.276473	0.278480	0.273718	0.278434	0.277450	0.270015	0.272693	
0.276995	0.272860	0.271164	0.265338	0.262114	0.272671	0.273532	0.273716	0.286049	0.270391	0.288707	0.281642	0.276177	0.265642	0.286397	0.272278	0.261014	0.272057	0.276362	0.273510	0.278657	0.276562	0.272542	0.279359	0.282695	0.278172	0.277385	0.273804	0.270900	0.271091	0.273989	0.000000	0.277879	0.274611	0.274157	0.273090	0.275254	0.269883	0.279908	0.275176	0.273796	0.280967	0.276190	0.272046	0.276937	0.284762	0.269486	0.271697	0.272914	0.278644	0.279436	0.275265	0.273552	0.289267	0.279876	0.280012	0.280483	0.276643	0.275105	0.273383	0.278821	0.276531	0.275841	0.272968	0.273330	0.282711	0.269361	0.270087	
0.261970	0.272538	0.274488	0.269687	0.283039	0.275122	0.277321	0.280766	0.287063	0.283682	0.293893	0.292510	0.281240	0.285132	0.288422	0.278863	0.275196	0.284362	0.280431	0.281505	0.285761	0.281236	0.277438	0.278334	0.272193	0.275819	0.273435	0.277965	0.275433	0.277782	0.274289	0.277879	0.000000	0.278242	0.272765	0.279877	0.276323	0.282815	0.280377	0.270232	0.275646	0.274338	0.272946	0.275928	0.271772	0.279098	0.269914	0.282622	0.278437	0.279032	0.280302	0.274406	0.272992	0.289749	0.271712	0.273018	0.276242	0.275827	0.270529	0.272774	0.274315	0.274437	0.269236	0.276870	0.281143	0.273776	0.277486	0.270052	
0.277041	0.272677	0.277867	0.269610	0.273314	0.269073	0.275153	0.284713	0.288822	0.276659	0.292362	0.288108	0.276449	0.285480	0.291058	0.279205	0.280906	0.279849	0.282636	0.274882	0.282609	0.277670	0.278431	0.278219	0.279100	0.280449	0.274912	0.270694	0.278202	0.270662	0.277409	0.274611	0.278242	0.000000	0.264956	0.271710	0.273399	0.269639	0.275879	0.267314	0.270667	0.275905	0.273964	0.275156	0.269710	0.275066	0.273655	0.275482	0.274591	0.277629	0.272523	0.272676	0.277798	0.295952	0.273540	0.282174	0.275641	0.274470	0.268723	0.274546	0.274695	0.273252	0.271867	0.278735	0.279545	0.273362	0.276648	0.268810	
0.271326	0.273353	0.273126	0.272086	0.264538	0.271387	0.273923	0.274175	0.284749	0.277280	0.288885	0.285659	0.272132	0.278825	0.286495	0.277971	0.273408	0.273481	0.279202	0.272146	0.274274	0.271512	0.268898	0.274734	0.283920	0.277464	0.271383	0.266171	0.266849	0.277360	0.277327	0.274157	0.272765	0.264956	0.000000	0.263377	0.267711	0.271675	0.272744	0.270404	0.270267	0.268204	0.266711	0.266808	0.269427	0.272643	0.269858	0.273282	0.270637	0.277500	0.274100	0.268833	0.268610	0.288447	0.271686	0.269803	0.279211	0.274775	0.270493	0.269802	0.273408	0.265475	0.274960	0.272036	0.270526	0.270928	0.269508	0.267927	
0.287168	0.278893	0.276207	0.266679	0.278361	0.276042	0.276288	0.285446	0.282426	0.276415	0.287946	0.280848	0.276106	0.280247	0.287478	0.282495	0.281553	0.277593	0.285363	0.276259	0.282228	0.276892	0.278593	0.280428	0.286734	0.273356	0.279820	0.276987	0.276774	0.275374	0.277139	0.273090	0.279877	0.271710	0.263377	0.000000	0.267097	0.276379	0.273844	0.275646	0.278723	0.271764	0.275103	0.273152	0.281270	0.276005	0.274092	0.273596	0.279152	0.279381	0.275476	0.272557	0.275009	0.284705	0.276455	0.279584	0.280910	0.271054	0.274806	0.273977	0.274753	0.271128	0.280024	0.271588	0.274331	0.273647	0.276619	0.271795	
0.283093	0.278206	0.275233	0.275599	0.267004	0.278777	0.276309	0.280696	0.288720	0.272522	0.290551	0.288668	0.274856	0.276913	0.287375	0.276676	0.276777	0.272623	0.282920	0.278041	0.279064	0.273804	0.280390	0.276974	0.294262	0.281774	0.281768	0.277468	0.273828	0.275404	0.274271	0.275254	0.276323	0.273399	0.267711	0.267097	0.000000	0.271338	0.278668	0.273743	0.266702	0.271029	0.270314	0.269846	0.268087	0.277455	0.273543	0.276298	0.275064	0.269682	0.277083	0.269311	0.270819	0.289230	0.273356	0.272360	0.271305	0.269015	0.277337	0.270733	0.272744	0.273512	0.276113	0.275765	0.274921	0.269345	0.278341	0.270886	
0.282743	0.279133	0.279550	0.267265	0.274537	0.282186	0.276883	0.283655	0.291066	0.278393	0.294888	0.289365	0.281914	0.286612	0.292061	0.285369	0.275858	0.283008	0.282657	0.278120	0.283436	0.276982	0.277083	0.281347	0.286382	0.279256	0.273599	0.278560	0.277492	0.276027	0.283001	0.269883	0.282815	0.269639	0.271675	0.276379	0.271338	0.000000	0.271995	0.271172	0.274982	0.278513	0.275609	0.273928	0.272234	0.277391	0.269552	0.277424	0.275094	0.280979	0.280684	0.273666	0.274427	0.283601	0.276858	0.276883	0.279067	0.276878	0.274587	0.276455	0.287266	0.266406	0.279265	0.275829	0.274779	0.269960	0.273761	0.268299	
0.282720	0.286852	0.281406	0.274759	0.283701	0.287597	0.279160	0.277081	0.285947	0.282306	0.290218	0.292312	0.277686	0.280887	0.288758	0.279314	0.282434	0.281991	0.284145	0.280863	0.280007	0.280096	0.276726	0.280182	0.288231	0.288449	0.279037	0.279718	0.276368	0.278829	0.282931	0.279908	0.280377	0.275879	0.272744	0.273844	0.278668	0.271995	0.000000	0.270599	0.264769	0.270710	0.273562	0.272308	0.265329	0.272629	0.267248	0.271720	0.271920	0.274941	0.270574	0.272447	0.268530	0.281073	0.270051	0.270521	0.277817	0.273627	0.274637	0.271067	0.272901	0.275677	0.281675	0.286380	0.286093	0.279023	0.279515	0.273861	
0.274277	0.277716	0.275832	0.272275	0.271946	0.278325	0.263826	0.272806	0.282120	0.275015	0.283151	0.282245	0.275419	0.282706	0.280581	0.272918	0.268656	0.272659	0.275060	0.270324	0.269830	0.276190	0.274615	0.271210	0.282556	0.278964	0.279348	0.272599	0.275006	0.279624	0.269770	0.275176	0.270232	0.267314	0.270404	0.275646	0.273743	0.271172	0.270599	0.000000	0.261652	0.263733	0.268007	0.261837	0.267582	0.271761	0.262036	0.268233	0.269057	0.270984	0.268315	0.267579	0.266539	0.282898	0.269601	0.267146	0.269718	0.271048	0.266784	0.269049	0.268007	0.268466	0.281798	0.277233	0.274065	0.265811	0.275724	0.269595	
0.278584	0.278838	0.275231	0.268743	0.275490	0.279732	0.272933	0.271669	0.284807	0.278282	0.283897	0.282186	0.270361	0.273783	0.282174	0.272526	0.278655	0.277497	0.274300	0.273881	0.276266	0.272111	0.275636	0.270997	0.281903	0.279148	0.280075	0.273668	0.277723	0.274501	0.277481	0.273796	0.275646	0.270667	0.270267	0.278723	0.266702	0.274982	0.264769	0.261652	0.000000	0.267884	0.268742	0.266444	0.267307	0.266510	0.264740	0.265522	0.271238	0.270695	0.269113	0.268968	0.265586	0.283323	0.268888	0.266778	0.272317	0.269022	0.268302	0.269354	0.268835	0.275316	0.279229	0.280936	0.279235	0.268369	0.278193	0.271284	
0.280458	0.281382	0.275890	0.277829	0.281965	0.278279	0.270546	0.269759	0.284760	0.273368	0.285439	0.289251	0.264224	0.271578	0.283050	0.275348	0.269275	0.270679	0.274097	0.277189	0.274135	0.269287	0.275086	0.274752	0.280064	0.281452	0.277760	0.270935	0.277327	0.279398	0.277167	0.280967	0.274338	0.275905	0.268204	0.271764	0.271029	0.278513	0.270710	0.263733	0.267884	0.000000	0.262411	0.259422	0.258857	0.270119	0.264299	0.264360	0.273539	0.269313	0.275498	0.264685	0.269972	0.281869	0.272325	0.266514	0.272587	0.267566	0.271311	0.262830	0.264971	0.273615	0.277624	0.281976	0.277518	0.269835	0.271750	0.269852	
0.276708	0.275262	0.279988	0.278015	0.276457	0.281688	0.270479	0.276703	0.277526	0.273978	0.282181	0.280066	0.276835	0.276085	0.277853	0.269314	0.272990	0.273033	0.277412	0.271938	0.282648	0.272689	0.276121	0.273353	0.282709	0.282401	0.284116	0.279721	0.275749	0.275849	0.275785	0.276190	0.272946	0.273964	0.266711	0.275103	0.270314	0.275609	0.273562	0.268007	0.268742	0.262411	0.000000	0.264828	0.264505	0.270331	0.260807	0.265468	0.268854	0.268358	0.266110	0.267614	0.263586	0.284026	0.266364	0.267758	0.275200	0.266937	0.270969	0.268707	0.275905	0.272301	0.280366	0.282376	0.280484	0.274871	0.274995	0.266314	
0.274135	0.278576	0.278243	0.277931	0.274659	0.280337	0.267113	0.268629	0.281893	0.272687	0.286759	0.285731	0.265880	0.273087	0.284599	0.274340	0.275004	0.272045	0.275341	0.274979	0.276148	0.265748	0.268055	0.273821	0.284976	0.278039	0.277217	0.271456	0.273262	0.279485	0.273859	0.272046	0.275928	0.275156	0.266808	0.273152	0.269846	0.273928	0.272308	0.261837	0.266444	0.259422	0.264828	0.000000	0.264964	0.265593	0.267402	0.262816	0.269360	0.271141	0.264835	0.266761	0.265528	0.279809	0.267886	0.265920	0.266985	0.265329	0.269364	0.264749	0.264312	0.273791	0.274486	0.275003	0.276585	0.273660	0.272062	0.268205	
0.273951	0.277615	0.279135	0.276770	0.273397	0.280277	0.272351	0.272064	0.283348	0.278459	0.286675	0.287148	0.272905	0.272241	0.286877	0.273431	0.271154	0.278020	0.274491	0.275184	0.270303	0.269758	0.271588	0.271885	0.282969	0.277143	0.273640	0.273356	0.274421	0.273962	0.279527	0.276937	0.271772	0.269710	0.269427	0.281270	0.268087	0.272234	0.265329	0.267582	0.267307	0.258857	0.264505	0.264964	0.000000	0.268082	0.266372	0.269569	0.266636	0.273379	0.269143	0.264373	0.265707	0.286569	0.269761	0.269585	0.267856	0.269646	0.265819	0.267005	0.269312	0.273134	0.278106	0.275945	0.279089	0.270584	0.269746	0.267046	
0.283518	0.281293	0.275918	0.277106	0.283942	0.283038	0.276144	0.277174	0.286423	0.281723	0.287125	0.286263	0.278176	0.279292	0.286721	0.276777	0.275824	0.280679	0.280749	0.276133	0.277911	0.279364	0.279255	0.277848	0.283243	0.285836	0.280785	0.279731	0.279629	0.280669	0.282972	0.284762	0.279098	0.275066	0.272643	0.276005	0.277455	0.277391	0.272629	0.271761	0.266510	0.270119	0.270331	0.265593	0.268082	0.000000	0.268712	0.269633	0.272831	0.271921	0.267059	0.269346	0.269386	0.283346	0.276266	0.267301	0.274203	0.266823	0.272324	0.266279	0.272952	0.281028	0.278526	0.284208	0.286375	0.275834	0.280798	0.274863	
0.272837	0.276891	0.271666	0.269914	0.275239	0.281851	0.270507	0.267874	0.277233	0.269400	0.279920	0.277869	0.271553	0.275192	0.276682	0.268325	0.269443	0.270276	0.280446	0.275012	0.271702	0.272006	0.269706	0.267571	0.279942	0.282587	0.277608	0.274828	0.277532	0.270046	0.274273	0.269486	0.269914	0.273655	0.269858	0.274092	0.273543	0.269552	0.267248	0.262036	0.264740	0.264299	0.260807	0.267402	0.266372	0.268712	0.000000	0.266405	0.264014	0.267676	0.268291	0.256898	0.261192	0.280970	0.265467	0.262632	0.263644	0.263698	0.262524	0.260175	0.266684	0.268990	0.273315	0.277939	0.276298	0.272426	0.273023	0.263680	
0.287485	0.276559	0.275780	0.280504	0.279442	0.282394	0.274373	0.275125	0.283447	0.276023	0.290404	0.286966	0.274355	0.275667	0.281949	0.271622	0.271054	0.276996	0.284342	0.269338	0.275614	0.269998	0.278218	0.272722	0.283393	0.290872	0.279970	0.274944	0.277315	0.280093	0.275973	0.271697	0.282622	0.275482	0.273282	0.273596	0.276298	0.277424	0.271720	0.268233	0.265522	0.264360	0.265468	0.262816	0.269569	0.269633	0.266405	0.000000	0.274812	0.265925	0.269893	0.266381	0.262522	0.279959	0.268370	0.272024	0.271799	0.265175	0.270395	0.270080	0.273123	0.277792	0.277449	0.285964	0.276405	0.272597	0.276396	0.269407	
0.279095	0.282613	0.279175	0.279197	0.277162	0.278584	0.271572	0.271942	0.285072	0.276133	0.287034	0.288079	0.277953	0.276533	0.284510	0.268587	0.272682	0.273938	0.284440	0.276976	0.273307	0.271148	0.269950	0.272915	0.285220	0.286849	0.277522	0.276921	0.278275	0.278044	0.280700	0.272914	0.278437	0.274591	0.270637	0.279152	0.275064	0.275094	0.271920	0.269057	0.271238	0.273539	0.268854	0.269360	0.266636	0.272831	0.264014	0.274812	0.000000	0.271922	0.272115	0.266258	0.262217	0.283486	0.267208	0.268974	0.273973	0.271261	0.270562	0.269827	0.271388	0.276005	0.270481	0.284026	0.281607	0.273317	0.275901	0.270209	
0.279688	0.281582	0.281769	0.278353	0.284622	0.289224	0.272418	0.274942	0.286769	0.275501	0.288769	0.287159	0.274717	0.280128	0.288047	0.276543	0.277426	0.275362	0.278942	0.279040	0.279332	0.270903	0.279218	0.276203	0.283808	0.288106	0.281582	0.281109	0.279333	0.284870	0.283945	0.278644	0.279032	0.277629	0.277500	0.279381	0.269682	0.280979	0.274941	0.270984	0.270695	0.269313	0.268358	0.271141	0.273379	0.271921	0.267676	0.265925	0.271922	0.000000	0.278469	0.269283	0.268252	0.284964	0.269890	0.272532	0.271652	0.268859	0.273702	0.270541	0.273784	0.282488	0.280403	0.287089	0.283844	0.277500	0.279047	0.274969	
0.281550	0.286470	0.276646	0.280348	0.277911	0.285037	0.274671	0.275651	0.281580	0.280420	0.286359	0.287069	0.277463	0.280223	0.283852	0.272793	0.277319	0.277214	0.280797	0.275585	0.280378	0.278001	0.279318	0.283212	0.288416	0.284708	0.279120	0.282129	0.278906	0.283963	0.278987	0.279436	0.280302	0.272523	0.274100	0.275476	0.277083	0.280684	0.270574	0.268315	0.269113	0.275498	0.266110	0.264835	0.269143	0.267059	0.268291	0.269893	0.272115	0.278469	0.000000	0.265249	0.266842	0.283473	0.267910	0.274797	0.273213	0.267854	0.273006	0.271448	0.273912	0.280786	0.286242	0.282129	0.278982	0.275237	0.284453	0.276776	
0.279399	0.279206	0.279201	0.277677	0.272464	0.284241	0.274659	0.270323	0.284023	0.273465	0.284449	0.286778	0.270386	0.276306	0.280727	0.275227	0.271415	0.272327	0.276003	0.270387	0.274144	0.267772	0.272323	0.270953	0.281934	0.280954	0.275065	0.267845	0.274839	0.273945	0.276709	0.275265	0.274406	0.272676	0.268833	0.272557	0.269311	0.273666	0.272447	0.267579	0.268968	0.264685	0.267614	0.266761	0.264373	0.269346	0.256898	0.266381	0.266258	0.269283	0.265249	0.000000	0.267339	0.279258	0.265140	0.267769	0.271992	0.268655	0.272082	0.272184	0.265060	0.277358	0.274788	0.275143	0.277374	0.273784	0.276667	0.273123	
0.280855	0.281410	0.275298	0.278336	0.274839	0.283758	0.272081	0.276003	0.281875	0.276330	0.285458	0.287159	0.269823	0.269640	0.284704	0.270962	0.271367	0.277930	0.280492	0.273871	0.273283	0.271660	0.270966	0.273618	0.280747	0.288014	0.280171	0.277281	0.274545	0.278756	0.278091	0.273552	0.272992	0.277798	0.268610	0.275009	0.270819	0.274427	0.268530	0.266539	0.265586	0.269972	0.263586	0.265528	0.265707	0.269386	0.261192	0.262522	0.262217	0.268252	0.266842	0.267339	0.000000	0.283562	0.265628	0.266355	0.274422	0.263904	0.269256	0.268081	0.265134	0.276819	0.279644	0.280289	0.277895	0.270632	0.276553	0.272918	
0.301425	0.295543	0.291407	0.288254	0.294686	0.303460	0.292322	0.285410	0.296841	0.292740	0.300713	0.299486	0.287524	0.291857	0.299958	0.287802	0.288244	0.292301	0.295937	0.291996	0.291313	0.284615	0.290105	0.287274	0.305807	0.301189	0.291757	0.290139	0.294373	0.293453	0.297669	0.289267	0.289749	0.295952	0.288447	0.284705	0.289230	0.283601	0.281073	0.282898	0.283323	0.281869	0.284026	0.279809	0.286569	0.283346	0.280970	0.279959	0.283486	0.284964	0.283473	0.279258	0.283562	0.000000	0.284913	0.281285	0.286500	0.284054	0.283368	0.286376	0.283804	0.287844	0.295689	0.302623	0.297806	0.288791	0.293207	0.290359	
0.287175	0.281010	0.277870	0.271988	0.275923	0.286715	0.278352	0.270620	0.280225	0.276003	0.284590	0.283827	0.277426	0.275198	0.282505	0.276414	0.274177	0.279056	0.283994	0.275862	0.268160	0.271418	0.272172	0.277582	0.290400	0.286535	0.284492	0.278576	0.278571	0.277909	0.276385	0.279876	0.271712	0.273540	0.271686	0.276455	0.273356	0.276858	0.270051	0.269601	0.268888	0.272325	0.266364	0.267886	0.269761	0.276266	0.265467	0.268370	0.267208	0.269890	0.267910	0.265140	0.265628	0.284913	0.000000	0.269384	0.273935	0.270168	0.262703	0.268223	0.272756	0.275483	0.284780	0.280223	0.283301	0.279168	0.281836	0.265276	
0.281237	0.281758	0.279307	0.277416	0.275254	0.281977	0.275118	0.274609	0.285528	0.276895	0.288567	0.288103	0.276095	0.277452	0.286070	0.279175	0.270446	0.276921	0.274553	0.273451	0.272772	0.271732	0.271313	0.274669	0.287460	0.285016	0.278023	0.276727	0.278373	0.279307	0.276646	0.280012	0.273018	0.282174	0.269803	0.279584	0.272360	0.276883	0.270521	0.267146	0.266778	0.266514	0.267758	0.265920	0.269585	0.267301	0.262632	0.272024	0.268974	0.272532	0.274797	0.267769	0.266355	0.281285	0.269384	0.000000	0.268822	0.268387	0.268028	0.270358	0.266626	0.275472	0.281162	0.282487	0.278338	0.275209	0.276253	0.269443	
0.279715	0.283394	0.280545	0.275645	0.278405	0.289764	0.267029	0.274332	0.286372	0.275250	0.290176	0.291378	0.275967	0.270070	0.290596	0.279948	0.277257	0.275428	0.275857	0.280263	0.282419	0.276491	0.285120	0.277882	0.285625	0.290979	0.288963	0.282012	0.281675	0.288268	0.277823	0.280483	0.276242	0.275641	0.279211	0.280910	0.271305	0.279067	0.277817	0.269718	0.272317	0.272587	0.275200	0.266985	0.267856	0.274203	0.263644	0.271799	0.273973	0.271652	0.273213	0.271992	0.274422	0.286500	0.273935	0.268822	0.000000	0.267788	0.268843	0.270117	0.273454	0.281217	0.285735	0.285442	0.279231	0.275678	0.280141	0.275595	
0.276075	0.273498	0.276477	0.274189	0.274546	0.284266	0.274873	0.277799	0.285091	0.272917	0.288066	0.286517	0.275823	0.275764	0.283560	0.268215	0.270964	0.275096	0.275832	0.267990	0.278244	0.276550	0.272323	0.273716	0.283536	0.282310	0.281405	0.274425	0.277137	0.280295	0.275071	0.276643	0.275827	0.274470	0.274775	0.271054	0.269015	0.276878	0.273627	0.271048	0.269022	0.267566	0.266937	0.265329	0.269646	0.266823	0.263698	0.265175	0.271261	0.268859	0.267854	0.268655	0.263904	0.284054	0.270168	0.268387	0.267788	0.000000	0.269377	0.267460	0.274754	0.274546	0.273746	0.279610	0.279022	0.271903	0.277361	0.265952	
0.275218	0.281806	0.274771	0.277351	0.276974	0.273645	0.272661	0.268756	0.286079	0.279216	0.290584	0.290262	0.278142	0.273674	0.289090	0.277724	0.271452	0.282311	0.278512	0.272260	0.275191	0.276642	0.272321	0.271506	0.286295	0.283054	0.278712	0.276155	0.272386	0.275289	0.275624	0.275105	0.270529	0.268723	0.270493	0.274806	0.277337	0.274587	0.274637	0.266784	0.268302	0.271311	0.270969	0.269364	0.265819	0.272324	0.262524	0.270395	0.270562	0.273702	0.273006	0.272082	0.269256	0.283368	0.262703	0.268028	0.268843	0.269377	0.000000	0.269315	0.273510	0.274597	0.280518	0.279731	0.283722	0.273167	0.275508	0.273576	
0.276055	0.276410	0.280427	0.272663	0.273810	0.283385	0.272427	0.272672	0.280098	0.272331	0.283890	0.282473	0.270495	0.276564	0.283076	0.271301	0.271264	0.272762	0.276356	0.271560	0.276016	0.271848	0.278372	0.268175	0.284065	0.281721	0.278899	0.276871	0.279750	0.281555	0.280335	0.273383	0.272774	0.274546	0.269802	0.273977	0.270733	0.276455	0.271067	0.269049	0.269354	0.262830	0.268707	0.264749	0.267005	0.266279	0.260175	0.270080	0.269827	0.270541	0.271448	0.272184	0.268081	0.286376	0.268223	0.270358	0.270117	0.267460	0.269315	0.000000	0.266311	0.279118	0.276120	0.276422	0.280087	0.272664	0.273712	0.270568	
0.282337	0.286505	0.281637	0.281056	0.276905	0.286097	0.268235	0.274876	0.287102	0.280200	0.286709	0.290666	0.275627	0.281643	0.286425	0.279258	0.276119	0.274861	0.277630	0.279919	0.275237	0.273987	0.276349	0.269241	0.285310	0.286913	0.279370	0.279264	0.283888	0.280235	0.284364	0.278821	0.274315	0.274695	0.273408	0.274753	0.272744	0.287266	0.272901	0.268007	0.268835	0.264971	0.275905	0.264312	0.269312	0.272952	0.266684	0.273123	0.271388	0.273784	0.273912	0.265060	0.265134	0.283804	0.272756	0.266626	0.273454	0.274754	0.273510	0.266311	0.000000	0.283211	0.276377	0.284463	0.283416	0.273941	0.279047	0.272901	
0.277197	0.279594	0.273607	0.272230	0.271414	0.277196	0.281730	0.280481	0.292863	0.283946	0.294110	0.291713	0.285446	0.285271	0.289134	0.280728	0.282014	0.284268	0.281263	0.279146	0.282069	0.277476	0.278881	0.282207	0.281081	0.276543	0.274770	0.279223	0.271847	0.277028	0.276473	0.276531	0.274437	0.273252	0.265475	0.271128	0.273512	0.266406	0.275677	0.268466	0.275316	0.273615	0.272301	0.273791	0.273134	0.281028	0.268990	0.277792	0.276005	0.282488	0.280786	0.277358	0.276819	0.287844	0.275483	0.275472	0.281217	0.274546	0.274597	0.279118	0.283211	0.000000	0.269429	0.270301	0.274055	0.274716	0.272673	0.263141	
0.266609	0.282789	0.281025	0.271238	0.275612	0.270717	0.278462	0.277869	0.294010	0.276669	0.297217	0.294985	0.281364	0.288509	0.296313	0.281838	0.282643	0.278144	0.283484	0.283009	0.284240	0.278594	0.279362	0.286592	0.269326	0.264695	0.272121	0.276837	0.282916	0.277194	0.278480	0.275841	0.269236	0.271867	0.274960	0.280024	0.276113	0.279265	0.281675	0.281798	0.279229	0.277624	0.280366	0.274486	0.278106	0.278526	0.273315	0.277449	0.270481	0.280403	0.286242	0.274788	0.279644	0.295689	0.284780	0.281162	0.285735	0.273746	0.280518	0.276120	0.276377	0.269429	0.000000	0.267484	0.276115	0.281667	0.273095	0.270526	
0.271439	0.268454	0.277247	0.265406	0.272515	0.263013	0.271943	0.284825	0.283384	0.276006	0.288502	0.282695	0.271532	0.283776	0.285218	0.283775	0.276216	0.277039	0.275616	0.278882	0.277085	0.272448	0.269603	0.274181	0.266330	0.096894	0.269297	0.271875	0.272708	0.265631	0.273718	0.272968	0.276870	0.278735	0.272036	0.271588	0.275765	0.275829	0.286380	0.277233	0.280936	0.281976	0.282376	0.275003	0.275945	0.284208	0.277939	0.285964	0.284026	0.287089	0.282129	0.275143	0.280289	0.302623	0.280223	0.282487	0.285442	0.279610	0.279731	0.276422	0.284463	0.270301	0.267484	0.000000	0.273160	0.277211	0.277774	0.271160	
0.281363	0.273401	0.271088	0.268077	0.273172	0.275305	0.276380	0.281869	0.285921	0.280336	0.291532	0.284688	0.272017	0.277683	0.292339	0.272091	0.285414	0.278110	0.279799	0.284581	0.285218	0.276718	0.284839	0.284712	0.282607	0.279836	0.276686	0.279464	0.272623	0.274156	0.278434	0.273330	0.281143	0.279545	0.270526	0.274331	0.274921	0.274779	0.286093	0.274065	0.279235	0.277518	0.280484	0.276585	0.279089	0.286375	0.276298	0.276405	0.281607	0.283844	0.278982	0.277374	0.277895	0.297806	0.283301	0.278338	0.279231	0.279022	0.283722	0.280087	0.283416	0.274055	0.276115	0.273160	0.000000	0.272835	0.270325	0.276554	
