1.165203094482421875e+00 2.721870690584182739e-02 -2.265447378158569336e-02 -1.537094358354806900e-02 5.161080043762922287e-03 3.219602629542350769e-02 -7.614929345436394215e-04 -2.851780317723751068e-02 3.298873826861381531e-02 -1.360167283564805984e-02 -8.289231918752193451e-03 2.870646677911281586e-02 -1.661004498600959778e-03 4.779631737619638443e-03 -1.000919751822948456e-02 -3.586737439036369324e-02 -1.783742569386959076e-02 -7.622082484886050224e-04 8.012290112674236298e-03 2.301353216171264648e-02 5.016720667481422424e-02 1.095968671143054962e-02 -1.323176175355911255e-02 -2.632246538996696472e-02 -1.092048734426498413e-02 -1.230962108820676804e-02 -4.059086553752422333e-03 1.406890433281660080e-02 -2.997185289859771729e-02 -1.350390259176492691e-02 -3.394855931401252747e-02 -5.158529430627822876e-02 -4.047184064984321594e-02 -4.377641156315803528e-02 -1.692194677889347076e-02 -2.034619636833667755e-02 -3.921264410018920898e-02 -2.834170311689376831e-02 -1.871435530483722687e-02 -1.506139803677797318e-02 -3.179830312728881836e-02 -2.689262852072715759e-02 -4.938815161585807800e-02 -2.888197265565395355e-02 -1.103109214454889297e-02 -3.304543346166610718e-02 -2.886246703565120697e-02 -4.677863419055938721e-02 -6.573177129030227661e-02 -5.363694205880165100e-02 -2.879230305552482605e-02 -3.269881755113601685e-02 -1.942270435392856598e-02 -2.653700485825538635e-02 -3.226634487509727478e-02 -1.739924028515815735e-02 -2.184371836483478546e-02 3.008974250406026840e-03 -7.737653329968452454e-03 -3.610582649707794189e-02 -2.465839311480522156e-02 -3.008931875228881836e-02
2.721870690584182739e-02 1.158493876457214355e+00 -3.789946064352989197e-02 -2.080332860350608826e-02 3.389429673552513123e-02 -4.952283576130867004e-03 -2.902794070541858673e-02 -2.806720696389675140e-02 2.378318272531032562e-02 -2.512689866125583649e-02 -2.971973037347197533e-03 3.651816397905349731e-02 -1.409765426069498062e-02 5.749978870153427124e-02 3.052029199898242950e-02 3.051521023735404015e-03 3.776945173740386963e-02 2.109427936375141144e-02 -9.227661415934562683e-03 6.529409438371658325e-02 8.031680434942245483e-02 2.967361919581890106e-02 -7.584289647638797760e-03 4.955280106514692307e-03 6.620765477418899536e-02 -1.301304064691066742e-02 1.100810593925416470e-03 -1.310705672949552536e-02 -3.361909464001655579e-02 -3.310505673289299011e-02 -4.027271270751953125e-02 -1.629144884645938873e-02 -2.084603533148765564e-02 -5.959205329418182373e-02 -4.496817663311958313e-02 -4.043743759393692017e-02 -5.657056346535682678e-02 -3.381512314081192017e-02 -4.001047834753990173e-02 -3.284173086285591125e-02 -4.252213612198829651e-02 -5.541107803583145142e-02 -4.666324332356452942e-02 -3.898812085390090942e-02 -2.546564489603042603e-02 -4.306549578905105591e-02 -4.104807600378990173e-02 -3.862038254737854004e-02 -6.104190647602081299e-02 -4.731598868966102600e-02 -2.894292771816253662e-02 -5.061244219541549683e-02 -4.254336655139923096e-02 -3.147858381271362305e-02 -3.930236771702766418e-02 -6.295590847730636597e-02 -4.315900802612304688e-02 -4.407254606485366821e-02 -3.733678488060832024e-03 -6.237391382455825806e-02 -1.461643632501363754e-02 -3.814494609832763672e-02
-2.265447378158569336e-02 -3.789946064352989197e-02 1.165553331375122070e+00 7.400718051940202713e-03 -1.611469872295856476e-02 2.411903813481330872e-03 -1.609894074499607086e-02 1.206562956213019788e-04 -1.675555855035781860e-02 -6.360176485031843185e-04 1.271063834428787231e-02 -4.020045325160026550e-02 -9.834839729592204094e-04 -1.668374799191951752e-02 -1.759184524416923523e-02 -2.294495934620499611e-03 -3.284753486514091492e-02 -4.454847890883684158e-03 8.246460929512977600e-03 -1.379662379622459412e-02 9.093274362385272980e-03 -8.654007688164710999e-03 -2.129385061562061310e-02 1.637460081838071346e-03 -1.045566145330667496e-02 -1.133204717189073563e-02 1.924812607467174530e-02 -8.265961892902851105e-03 -1.159588713198900223e-02 -2.960324846208095551e-02 -2.712845057249069214e-02 -2.665746398270130157e-02 -2.596596628427505493e-02 -1.729967072606086731e-02 -2.438117936253547668e-02 -8.586918935179710388e-03 -4.224830120801925659e-02 -2.056892216205596924e-02 -4.353079199790954590e-02 -4.311732202768325806e-02 -1.366421300917863846e-02 -1.410050783306360245e-02 -1.149825472384691238e-02 -4.288518056273460388e-02 -2.191794477403163910e-02 -2.530838549137115479e-02 -3.122860006988048553e-02 -3.073905594646930695e-02 -3.193133324384689331e-02 -3.698340803384780884e-02 -9.216954931616783142e-03 -2.390889450907707214e-02 -2.006657794117927551e-02 -1.677308231592178345e-02 -3.871056437492370605e-02 -5.568393319845199585e-02 -1.745146699249744415e-02 -3.370305150747299194e-02 -1.166483620181679726e-03 -2.660254947841167450e-02 -2.125811018049716949e-02 -1.495433878153562546e-02
-1.537094358354806900e-02 -2.080332860350608826e-02 7.400718051940202713e-03 1.148675441741943359e+00 -2.629857975989580154e-03 1.883457042276859283e-02 -3.672841936349868774e-03 -8.007666096091270447e-03 -3.156360005959868431e-03 -1.359205413609743118e-02 -1.172669697552919388e-02 -1.544062606990337372e-02 -1.344678923487663269e-02 -4.211911000311374664e-03 1.232417114078998566e-02 -3.667981922626495361e-02 -2.503766492009162903e-02 -2.767389267683029175e-02 -2.944014780223369598e-02 -9.753219783306121826e-03 -5.338878370821475983e-03 -2.266645751660689712e-04 1.101375836879014969e-02 2.678212523460388184e-02 -1.819841563701629639e-02 -2.813342260196805000e-03 3.258331865072250366e-02 -1.532951649278402328e-02 -2.691986784338951111e-02 -3.504124283790588379e-02 -5.462239496409893036e-03 -4.303058981895446777e-02 1.144130807369947433e-02 -1.566209830343723297e-02 -2.034912630915641785e-02 -8.989453315734863281e-03 -3.114592097699642181e-02 -3.205813840031623840e-02 -3.334134072065353394e-02 -2.791684307157993317e-02 -3.895767405629158020e-02 -1.922024600207805634e-02 -4.711355641484260559e-02 -4.238059371709823608e-02 -1.718048937618732452e-02 -2.991313673555850983e-02 -4.465061426162719727e-02 -4.249534383416175842e-02 -9.348240680992603302e-03 -3.553055971860885620e-02 -2.891679294407367706e-02 -3.151122853159904480e-02 -2.614659443497657776e-02 -3.365931287407875061e-02 -2.671458944678306580e-02 -4.270652681589126587e-02 -1.225454732775688171e-02 -2.191868424415588379e-02 -1.082901284098625183e-02 -2.701438963413238525e-02 -1.654750853776931763e-02 -3.119619935750961304e-02
5.161080043762922287e-03 3.389429673552513123e-02 -1.611469872295856476e-02 -2.629857975989580154e-03 1.110034465789794922e+00 8.417497389018535614e-03 -1.776569150388240814e-02 -2.777471207082271576e-02 7.488773670047521591e-03 -2.400567755103111267e-02 1.511410064995288849e-02 7.078997790813446045e-03 3.187904879450798035e-02 -1.383078936487436295e-02 2.637016586959362030e-02 2.417908236384391785e-02 9.348132647573947906e-03 1.241336017847061157e-02 2.160615287721157074e-03 2.398096723482012749e-03 1.659824512898921967e-02 -1.724196714349091053e-03 5.627152509987354279e-03 -3.280095383524894714e-02 1.379751600325107574e-02 -2.232545986771583557e-02 2.841326594352722168e-02 -3.542540222406387329e-02 -1.358233299106359482e-02 -2.236286364495754242e-02 -2.475290000438690186e-02 -2.716265246272087097e-02 -2.730317227542400360e-02 -4.643200710415840149e-02 -2.302378416061401367e-02 -2.563896216452121735e-02 -4.254579544067382812e-02 -4.455004632472991943e-02 -3.081417270004749298e-02 -2.441205270588397980e-02 -3.314900770783424377e-02 -3.951890394091606140e-02 -4.631911963224411011e-02 -2.747698128223419189e-02 -3.385210409760475159e-02 -2.778069116175174713e-02 -2.558566816151142120e-02 -2.548190765082836151e-02 -4.760971665382385254e-02 -2.566753141582012177e-02 -3.837130591273307800e-02 -3.659244254231452942e-02 -2.599865011870861053e-02 -3.105678223073482513e-02 -3.667868301272392273e-02 -4.645842686295509338e-02 -2.603140659630298615e-02 -2.603697031736373901e-02 -1.472475845366716385e-02 -3.333891555666923523e-02 -2.161281369626522064e-02 -2.400821074843406677e-02
3.219602629542350769e-02 -4.952283576130867004e-03 2.411903813481330872e-03 1.883457042276859283e-02 8.417497389018535614e-03 1.205112218856811523e+00 6.359847728163003922e-03 -1.279334723949432373e-02 1.744401454925537109e-02 -2.803240530192852020e-02 3.565813228487968445e-02 2.374378405511379242e-02 8.588487282395362854e-03 1.509488839656114578e-02 7.389383018016815186e-02 4.512835666537284851e-02 2.190859988331794739e-02 3.086925111711025238e-02 -1.973469275981187820e-03 3.796610608696937561e-02 9.554842114448547363e-02 4.782364889979362488e-02 4.957393184304237366e-02 7.400065194815397263e-03 4.363139718770980835e-02 5.336732417345046997e-02 2.365631051361560822e-02 -2.279783785343170166e-02 2.262024907395243645e-03 -5.045077577233314514e-02 -4.589958116412162781e-02 -6.387667357921600342e-02 -4.198491945862770081e-02 -7.322311401367187500e-02 -5.685282871127128601e-02 -6.050918996334075928e-02 -4.093658924102783203e-02 -5.201454460620880127e-02 -5.040672421455383301e-02 -5.205534026026725769e-02 -3.417064622044563293e-02 -5.610833317041397095e-02 -6.139492243528366089e-02 -6.118259206414222717e-02 -3.448794037103652954e-02 -4.888101294636726379e-02 -5.579704418778419495e-02 -4.562754556536674500e-02 -8.040934056043624878e-02 -6.223892793059349060e-02 -3.580348566174507141e-02 -6.898071616888046265e-02 -5.439450964331626892e-02 -4.806618392467498779e-02 -4.710006713867187500e-02 -5.991110205650329590e-02 -4.199762269854545593e-02 -2.629847079515457153e-02 -1.351003162562847137e-02 -3.938977047801017761e-02 -1.343945227563381195e-02 -4.845589399337768555e-02
-7.614929345436394215e-04 -2.902794070541858673e-02 -1.609894074499607086e-02 -3.672841936349868774e-03 -1.776569150388240814e-02 6.359847728163003922e-03 1.122336268424987793e+00 -2.044099755585193634e-02 -2.181648463010787964e-02 -1.334781665354967117e-02 -1.108076423406600952e-02 2.487982623279094696e-02 -5.764954257756471634e-03 6.794355344027280807e-03 -3.006447805091738701e-03 -2.140307053923606873e-02 2.154214866459369659e-02 2.219281345605850220e-02 5.732883233577013016e-03 1.952073723077774048e-02 9.946797974407672882e-03 -1.480259746313095093e-02 -2.593703381717205048e-02 -1.239890698343515396e-02 -1.703564263880252838e-02 -3.663172572851181030e-02 -1.167603023350238800e-02 -2.006352320313453674e-02 -2.252256125211715698e-02 -3.167027235031127930e-02 -2.278437279164791107e-02 -2.597947977483272552e-02 -3.921972960233688354e-02 -3.772365674376487732e-02 -7.862570695579051971e-03 -2.347630821168422699e-02 -1.647917740046977997e-02 -4.517293348908424377e-02 -1.993786171078681946e-02 -2.131303213536739349e-02 -4.311779886484146118e-02 -3.115164302289485931e-02 -2.773608639836311340e-02 -3.519487008452415466e-02 -6.279490422457456589e-03 -3.009175509214401245e-02 -3.419913351535797119e-02 -3.249563276767730713e-02 -5.691383779048919678e-02 -3.333018347620964050e-02 -2.640872262418270111e-02 1.044382527470588684e-02 -1.966650597751140594e-02 -4.375385865569114685e-02 -2.428962104022502899e-02 6.946677342057228088e-03 -3.824350610375404358e-02 -9.590941481292247772e-03 -2.258377708494663239e-02 -2.602609619498252869e-02 9.558781981468200684e-03 -3.024885989725589752e-02
-2.851780317723751068e-02 -2.806720696389675140e-02 1.206562956213019788e-04 -8.007666096091270447e-03 -2.777471207082271576e-02 -1.279334723949432373e-02 -2.044099755585193634e-02 1.135736823081970215e+00 4.838113859295845032e-02 1.220004912465810776e-02 -2.474682033061981201e-02 1.987157762050628662e-02 -2.603715471923351288e-02 2.308354899287223816e-02 2.471243776381015778e-02 -2.116690203547477722e-02 -3.713865950703620911e-02 -6.769170868210494518e-04 1.600605249404907227e-02 -1.944860443472862244e-02 3.510950133204460144e-02 2.717819996178150177e-02 9.675183333456516266e-03 2.557574026286602020e-02 2.390399761497974396e-02 -1.713310368359088898e-03 2.281162422150373459e-03 -3.676148131489753723e-02 -4.006892442703247070e-02 -3.321809694170951843e-02 -3.432460129261016846e-02 -2.654952742159366608e-02 -3.853843361139297485e-02 -6.347303837537765503e-02 -1.527163293212652206e-02 -4.119697958230972290e-02 -3.960246965289115906e-02 -4.985070228576660156e-02 -2.376836724579334259e-02 -2.276786789298057556e-02 -3.480109199881553650e-02 -2.076071314513683319e-02 -3.504617139697074890e-02 -1.545199658721685410e-02 -3.490964323282241821e-02 -3.134972974658012390e-02 -2.368434146046638489e-02 -4.436016455292701721e-02 -6.319162994623184204e-02 -1.748654060065746307e-02 -2.258736826479434967e-02 -1.473798695951700211e-02 -2.338053658604621887e-02 -1.189831364899873734e-02 -1.967607997357845306e-02 -3.341511264443397522e-02 -2.627118304371833801e-02 -2.401124872267246246e-02 -1.174664497375488281e-02 -2.729238010942935944e-02 -2.935853973031044006e-02 -3.416056558489799500e-02
3.298873826861381531e-02 2.378318272531032562e-02 -1.675555855035781860e-02 -3.156360005959868431e-03 7.488773670047521591e-03 1.744401454925537109e-02 -2.181648463010787964e-02 4.838113859295845032e-02 1.170296072959899902e+00 1.674151513725519180e-03 1.445831172168254852e-02 8.315733075141906738e-02 -1.563058979809284210e-02 1.464241836220026016e-02 -2.074644900858402252e-03 -2.847389318048954010e-02 2.203298918902873993e-02 -3.861991921439766884e-03 8.111985027790069580e-02 2.171145752072334290e-02 1.067881956696510315e-01 -1.397993601858615875e-02 1.195660140365362167e-02 2.824892476201057434e-02 -1.212804578244686127e-02 1.562657579779624939e-02 -2.572011388838291168e-02 -4.599484428763389587e-02 -4.688377305865287781e-02 -3.333094343543052673e-02 -2.660956792533397675e-02 -4.223546385765075684e-02 -4.544171318411827087e-02 -3.479331359267234802e-02 -5.392697826027870178e-02 -5.235126614570617676e-02 -5.273342877626419067e-02 -3.028484806418418884e-02 -7.013756036758422852e-02 -5.581497028470039368e-02 -4.225379973649978638e-02 -1.305747963488101959e-02 -4.192124307155609131e-02 -4.000006616115570068e-02 -2.750472724437713623e-02 -2.195377647876739502e-02 -6.128086522221565247e-02 -4.425225406885147095e-02 -5.121371895074844360e-02 -2.639957144856452942e-02 -4.343886300921440125e-02 -5.150628089904785156e-02 -3.405046090483665466e-02 -4.671652615070343018e-02 -4.569697007536888123e-02 -4.554012790322303772e-02 -4.201168194413185120e-02 -4.944605007767677307e-02 -2.774382382631301880e-02 -4.598437249660491943e-02 4.891244694590568542e-03 -4.301946237683296204e-02
-1.360167283564805984e-02 -2.512689866125583649e-02 -6.360176485031843185e-04 -1.359205413609743118e-02 -2.400567755103111267e-02 -2.803240530192852020e-02 -1.334781665354967117e-02 1.220004912465810776e-02 1.674151513725519180e-03 1.074573040008544922e+00 -2.330873394384980202e-03 -8.531708270311355591e-03 -1.614737138152122498e-02 -2.474633976817131042e-03 1.367149315774440765e-02 -1.239147596061229706e-02 6.053388584405183792e-03 -2.552055008709430695e-02 1.123649720102548599e-02 3.394470363855361938e-02 1.107924897223711014e-02 -2.398540452122688293e-02 -1.471970323473215103e-02 1.318544987589120865e-02 1.151605276390910149e-03 -1.943357288837432861e-02 8.995497599244117737e-03 -2.881086245179176331e-02 -1.559888664633035660e-02 -1.650400832295417786e-02 -2.504332736134529114e-02 -2.296066656708717346e-02 -4.917061887681484222e-03 -4.702044650912284851e-02 -2.364599704742431641e-02 -4.310560226440429688e-02 -2.634912170469760895e-02 -6.526300217956304550e-03 -2.406777068972587585e-02 -3.458927944302558899e-02 -3.571218624711036682e-02 -1.681361347436904907e-02 -1.667259633541107178e-02 -1.871590875089168549e-02 -2.863571420311927795e-02 -1.844174787402153015e-02 -3.006887994706630707e-02 -2.803835831582546234e-02 -2.656535431742668152e-02 -1.004907861351966858e-02 -4.508209601044654846e-02 -1.643064431846141815e-02 -1.097604259848594666e-02 -2.226108126342296600e-02 -3.195214644074440002e-02 -3.798403218388557434e-02 -3.546003997325897217e-02 -1.542092952877283096e-02 -9.575154981575906277e-04 -4.418964684009552002e-02 -1.764111593365669250e-02 -4.778479412198066711e-02
-8.289231918752193451e-03 -2.971973037347197533e-03 1.271063834428787231e-02 -1.172669697552919388e-02 1.511410064995288849e-02 3.565813228487968445e-02 -1.108076423406600952e-02 -2.474682033061981201e-02 1.445831172168254852e-02 -2.330873394384980202e-03 1.130387783050537109e+00 1.644093543291091919e-02 5.317105352878570557e-02 -2.883173152804374695e-02 3.126360848546028137e-02 -7.048464380204677582e-03 -1.474106684327125549e-02 2.201950177550315857e-02 -3.242335841059684753e-02 -1.822522282600402832e-02 5.584252998232841492e-02 -1.481277402490377426e-03 1.080707553774118423e-02 -1.545651629567146301e-02 -2.208557212725281715e-03 -1.626679487526416779e-02 -2.882943488657474518e-02 -3.584202378988265991e-02 -2.313814125955104828e-02 -8.303636685013771057e-03 -2.750737033784389496e-02 -3.042702749371528625e-02 -3.442377969622612000e-02 -3.317617997527122498e-02 -5.079407617449760437e-02 -2.486316859722137451e-02 -7.028676103800535202e-03 -4.977466911077499390e-02 -4.082789272069931030e-02 -2.534416690468788147e-02 -1.873193681240081787e-02 -4.604499042034149170e-02 -3.007761761546134949e-02 -2.164841070771217346e-02 -1.523190550506114960e-02 -2.601903304457664490e-02 -3.364303708076477051e-02 -1.419468782842159271e-02 -3.935237973928451538e-02 -3.942501172423362732e-02 -3.841863945126533508e-02 -4.674944281578063965e-02 -2.887064591050148010e-02 -5.160406604409217834e-02 -1.834267750382423401e-02 -5.913320183753967285e-02 -5.462311208248138428e-02 -3.920827805995941162e-02 -8.070847950875759125e-03 -3.337431699037551880e-02 -1.734202355146408081e-02 -1.409190800040960312e-02
2.870646677911281586e-02 3.651816397905349731e-02 -4.020045325160026550e-02 -1.544062606990337372e-02 7.078997790813446045e-03 2.374378405511379242e-02 2.487982623279094696e-02 1.987157762050628662e-02 8.315733075141906738e-02 -8.531708270311355591e-03 1.644093543291091919e-02 1.158418178558349609e+00 -1.084471959620714188e-02 3.652633354067802429e-02 3.405274823307991028e-02 -3.732294216752052307e-02 1.293870061635971069e-02 1.453820383176207542e-03 -3.613961488008499146e-02 -1.291909837163984776e-03 1.070539206266403198e-01 2.036305330693721771e-02 1.538228336721658707e-02 6.506641954183578491e-02 3.482646867632865906e-02 -9.921305812895298004e-03 4.987429827451705933e-02 -5.597767978906631470e-02 -6.106339395046234131e-02 -4.771765694022178650e-02 -3.034346550703048706e-02 -4.864976927638053894e-02 -4.696154594421386719e-02 -6.100015342235565186e-02 -7.049396634101867676e-02 -4.169523343443870544e-02 -2.346673421561717987e-02 -4.980036243796348572e-02 -4.263011738657951355e-02 -2.150687575340270996e-02 -6.555198132991790771e-02 -5.050927773118019104e-02 -4.144708812236785889e-02 -3.982016444206237793e-02 -3.861713036894798279e-02 -4.799257963895797729e-02 -4.735964536666870117e-02 -2.973165549337863922e-02 -7.029929012060165405e-02 -5.858694016933441162e-02 -3.527555987238883972e-02 -1.661985181272029877e-02 -4.535402357578277588e-02 -5.579101666808128357e-02 -2.286563813686370850e-02 -5.319818109273910522e-02 -5.314966291189193726e-02 -4.745412617921829224e-02 -6.392284296452999115e-03 -3.421268612146377563e-02 1.234978996217250824e-02 -4.010699316859245300e-02
-1.661004498600959778e-03 -1.409765426069498062e-02 -9.834839729592204094e-04 -1.344678923487663269e-02 3.187904879450798035e-02 8.588487282395362854e-03 -5.764954257756471634e-03 -2.603715471923351288e-02 -1.563058979809284210e-02 -1.614737138152122498e-02 5.317105352878570557e-02 -1.084471959620714188e-02 1.130091309547424316e+00 -3.642972558736801147e-02 4.946992546319961548e-02 -5.018926225602626801e-03 -6.867289077490568161e-03 -2.162877470254898071e-02 -2.632044441998004913e-02 -1.965097151696681976e-02 1.580290310084819794e-02 2.544612437486648560e-02 -1.498076505959033966e-02 9.615581482648849487e-03 1.983877737075090408e-03 2.914894931018352509e-02 -1.244189590215682983e-02 -1.571165397763252258e-02 -2.033038251101970673e-02 -4.669075459241867065e-02 -2.646035328507423401e-02 -4.018500819802284241e-02 -4.107420146465301514e-02 -5.266512185335159302e-02 -5.361190065741539001e-02 -2.781200222671031952e-02 -3.935312852263450623e-02 -3.581064566969871521e-02 -4.191058129072189331e-02 -1.560905668884515762e-02 -1.632099412381649017e-02 -2.263271808624267578e-02 -3.890039026737213135e-02 -2.702164836227893829e-02 -2.264354936778545380e-02 -2.982975542545318604e-02 -2.785946987569332123e-02 -2.218151837587356567e-02 -5.105862393975257874e-02 -2.730077505111694336e-02 -3.475627303123474121e-02 -3.272773697972297668e-02 3.361049573868513107e-03 -2.708515711128711700e-02 -3.262680768966674805e-02 -2.757196314632892609e-02 -4.057422652840614319e-02 -2.370111458003520966e-02 1.297448528930544853e-03 -4.294874146580696106e-02 -8.185336366295814514e-03 -9.480288252234458923e-03
4.779631737619638443e-03 5.749978870153427124e-02 -1.668374799191951752e-02 -4.211911000311374664e-03 -1.383078936487436295e-02 1.509488839656114578e-02 6.794355344027280807e-03 2.308354899287223816e-02 1.464241836220026016e-02 -2.474633976817131042e-03 -2.883173152804374695e-02 3.652633354067802429e-02 -3.642972558736801147e-02 1.133120775222778320e+00 5.246705561876296997e-02 -1.752835512161254883e-02 -2.168868295848369598e-02 -1.311193406581878662e-02 1.913885772228240967e-02 3.167216107249259949e-02 5.007430911064147949e-02 -1.434491015970706940e-02 -6.935881916433572769e-03 -6.023318506777286530e-03 2.665996365249156952e-02 3.489851718768477440e-03 5.362704023718833923e-02 -9.900336153805255890e-03 -5.032020062208175659e-02 -3.169170394539833069e-02 -4.476681351661682129e-02 -2.528608031570911407e-02 -2.482725866138935089e-02 -6.401905417442321777e-02 -1.608957536518573761e-02 -4.604956880211830139e-02 -3.557081893086433411e-02 -2.749525010585784912e-02 -4.284463822841644287e-02 -3.168153390288352966e-02 -2.834629081189632416e-02 -3.197712823748588562e-02 -3.569669649004936218e-02 -3.350631892681121826e-02 -3.187372907996177673e-02 -4.218484088778495789e-02 -4.535575956106185913e-02 -3.283437341451644897e-02 -4.055706784129142761e-02 -3.456191718578338623e-02 -3.271164745092391968e-02 -4.071900621056556702e-02 -3.655627742409706116e-02 -3.653598204255104065e-02 -2.377797663211822510e-02 -3.036178648471832275e-02 -5.750200524926185608e-02 -4.253769293427467346e-02 -3.654874116182327271e-02 -5.747218057513237000e-02 -3.692056238651275635e-02 -1.167533267289400101e-02
-1.000919751822948456e-02 3.052029199898242950e-02 -1.759184524416923523e-02 1.232417114078998566e-02 2.637016586959362030e-02 7.389383018016815186e-02 -3.006447805091738701e-03 2.471243776381015778e-02 -2.074644900858402252e-03 1.367149315774440765e-02 3.126360848546028137e-02 3.405274823307991028e-02 4.946992546319961548e-02 5.246705561876296997e-02 1.190708398818969727e+00 -1.897044014185667038e-03 -1.629542186856269836e-02 5.770542845129966736e-02 -1.113797165453433990e-02 -3.626763820648193359e-03 7.270806282758712769e-02 8.430338464677333832e-03 -2.180132869398221374e-04 3.791470080614089966e-02 6.507556140422821045e-02 3.358646109700202942e-02 1.697407290339469910e-02 -4.059557989239692688e-02 -4.217451065778732300e-02 -5.765217170119285583e-02 -5.345091596245765686e-02 -4.823632165789604187e-02 -3.149370104074478149e-02 -6.764871627092361450e-02 -4.254586622118949890e-02 -6.055399402976036072e-02 -3.221792727708816528e-02 -2.622167952358722687e-02 -4.616454616189002991e-02 -2.549900487065315247e-02 -4.076643288135528564e-02 -5.602726712822914124e-02 -5.904864147305488586e-02 -6.757768243551254272e-02 -4.241422563791275024e-02 -3.759425878524780273e-02 -5.953707918524742126e-02 -5.729824304580688477e-02 -8.217429369688034058e-02 -5.974514782428741455e-02 -4.225428774952888489e-02 -3.847587481141090393e-02 -3.993154317140579224e-02 -3.916450589895248413e-02 -1.959675922989845276e-02 -6.333866715431213379e-02 -5.910732969641685486e-02 -4.975383728742599487e-02 -1.583189144730567932e-02 -4.935394972562789917e-02 -4.366500303149223328e-02 -5.975831672549247742e-02
-3.586737439036369324e-02 3.051521023735404015e-03 -2.294495934620499611e-03 -3.667981922626495361e-02 2.417908236384391785e-02 4.512835666537284851e-02 -2.140307053923606873e-02 -2.116690203547477722e-02 -2.847389318048954010e-02 -1.239147596061229706e-02 -7.048464380204677582e-03 -3.732294216752052307e-02 -5.018926225602626801e-03 -1.752835512161254883e-02 -1.897044014185667038e-03 1.118290543556213379e+00 -4.132049903273582458e-02 2.188069932162761688e-02 -3.050336055457592010e-02 -2.880079671740531921e-02 1.792721636593341827e-02 2.999635040760040283e-02 -6.758260540664196014e-03 -1.300051622092723846e-02 -1.640239730477333069e-02 3.840379649773240089e-03 -2.383976988494396210e-02 -2.604159712791442871e-02 -1.381052751094102859e-02 -1.087807305157184601e-02 -1.275912020355463028e-02 -1.695314981043338776e-02 -2.931521087884902954e-02 -4.270150512456893921e-02 -1.159619446843862534e-02 -3.674552217125892639e-02 -1.594709977507591248e-02 -1.908769365400075912e-03 -1.555443741381168365e-02 -1.998309604823589325e-02 -2.122301608324050903e-02 -3.512497991323471069e-02 -2.166318334639072418e-02 -1.451729144901037216e-02 -2.790012024343013763e-02 -4.436352476477622986e-02 -2.355936169624328613e-02 -2.514047920703887939e-02 -6.354621052742004395e-02 -2.727255225181579590e-02 -1.578809507191181183e-02 -2.626013383269309998e-02 -1.242386735975742340e-02 -3.865590691566467285e-02 -1.353709213435649872e-02 -3.074623644351959229e-02 -2.935119718313217163e-02 -3.088698163628578186e-02 -2.431529574096202850e-02 -1.690453290939331055e-02 -2.337895520031452179e-02 -9.170265868306159973e-03
-1.783742569386959076e-02 3.776945173740386963e-02 -3.284753486514091492e-02 -2.503766492009162903e-02 9.348132647573947906e-03 2.190859988331794739e-02 2.154214866459369659e-02 -3.713865950703620911e-02 2.203298918902873993e-02 6.053388584405183792e-03 -1.474106684327125549e-02 1.293870061635971069e-02 -6.867289077490568161e-03 -2.168868295848369598e-02 -1.629542186856269836e-02 -4.132049903273582458e-02 1.091251850128173828e+00 3.463720530271530151e-02 2.011778950691223145e-02 4.785840213298797607e-02 2.015374414622783661e-02 -5.951993167400360107e-03 7.847530767321586609e-03 -1.380641572177410126e-02 -7.630404550582170486e-03 -1.133694220334291458e-02 -2.115896530449390411e-02 -3.427997604012489319e-02 -2.849064208567142487e-02 -1.894924230873584747e-02 -2.555358223617076874e-02 -3.919124975800514221e-02 -6.328979134559631348e-02 -3.635050356388092041e-02 -3.127012774348258972e-02 -2.545269951224327087e-02 -3.585074096918106079e-02 -4.109238460659980774e-02 -1.374860387295484543e-02 -2.612706273794174194e-02 -2.185805700719356537e-02 -4.456941410899162292e-02 -1.975187100470066071e-02 -2.813732251524925232e-02 -1.769181899726390839e-02 -4.110518842935562134e-02 -2.265042252838611603e-02 -2.804426290094852448e-02 -2.835886552929878235e-02 -1.522079762071371078e-02 -2.887773513793945312e-02 -3.761990368366241455e-02 -2.165175974369049072e-02 -2.352710627019405365e-02 -1.318801566958427429e-02 -2.282076328992843628e-02 -4.532664269208908081e-02 -3.745454922318458557e-02 -3.999099135398864746e-02 -1.247221697121858597e-02 -1.382191549055278301e-03 -9.016944095492362976e-03
-7.622082484886050224e-04 2.109427936375141144e-02 -4.454847890883684158e-03 -2.767389267683029175e-02 1.241336017847061157e-02 3.086925111711025238e-02 2.219281345605850220e-02 -6.769170868210494518e-04 -3.861991921439766884e-03 -2.552055008709430695e-02 2.201950177550315857e-02 1.453820383176207542e-03 -2.162877470254898071e-02 -1.311193406581878662e-02 5.770542845129966736e-02 2.188069932162761688e-02 3.463720530271530151e-02 1.110381960868835449e+00 -2.789882197976112366e-02 -1.467321161180734634e-02 1.998684927821159363e-02 4.673320800065994263e-03 -9.213817305862903595e-03 3.663314506411552429e-02 4.846947640180587769e-02 1.363685727119445801e-02 -2.208440005779266357e-02 -2.583623304963111877e-02 -3.826541453599929810e-02 -1.790118776261806488e-02 -2.757279761135578156e-02 -3.889492899179458618e-02 -2.570604719221591949e-02 -4.370117560029029846e-02 -4.860164597630500793e-02 -4.308740794658660889e-02 -3.881847485899925232e-02 -3.636796772480010986e-02 -9.956576861441135406e-03 -3.199503570795059204e-02 -4.790959879755973816e-02 -3.866264969110488892e-02 -3.196470439434051514e-02 -4.006933793425559998e-02 -2.694589458405971527e-02 -3.798202052712440491e-02 -3.400832042098045349e-02 -3.948259353637695312e-02 -5.738466605544090271e-02 -2.395680360496044159e-02 -5.273080617189407349e-02 -2.239319309592247009e-02 -4.030391201376914978e-02 -4.187965765595436096e-02 -4.510082677006721497e-02 -6.462081521749496460e-02 -2.183930389583110809e-02 -5.324567202478647232e-03 -2.414678595960140228e-02 -3.410364314913749695e-02 -4.443945828825235367e-03 -3.528584912419319153e-02
8.012290112674236298e-03 -9.227661415934562683e-03 8.246460929512977600e-03 -2.944014780223369598e-02 2.160615287721157074e-03 -1.973469275981187820e-03 5.732883233577013016e-03 1.600605249404907227e-02 8.111985027790069580e-02 1.123649720102548599e-02 -3.242335841059684753e-02 -3.613961488008499146e-02 -2.632044441998004913e-02 1.913885772228240967e-02 -1.113797165453433990e-02 -3.050336055457592010e-02 2.011778950691223145e-02 -2.789882197976112366e-02 1.148798227310180664e+00 1.723451889120042324e-03 2.078532055020332336e-02 -1.641781069338321686e-02 1.657247915863990784e-02 -1.776302419602870941e-02 -4.145223274827003479e-02 -1.454247161746025085e-03 -1.589908264577388763e-02 -1.659316569566726685e-02 -2.164989337325096130e-02 -2.431752346456050873e-02 -4.672184586524963379e-02 -3.200776875019073486e-02 -9.926240891218185425e-03 -3.215840458869934082e-02 -3.088904358446598053e-02 -3.016867116093635559e-02 -1.738460175693035126e-02 -4.340579733252525330e-02 -3.880371898412704468e-02 -2.277466654777526855e-02 -2.782392874360084534e-02 -3.024394810199737549e-02 -3.894813358783721924e-02 -4.097326658666133881e-03 -4.591803997755050659e-02 -2.410959452390670776e-02 -1.611438393592834473e-02 -2.712510153651237488e-02 -4.095638170838356018e-02 -2.681538695469498634e-03 -1.505856285803020000e-03 -4.760137572884559631e-02 -4.346076771616935730e-02 -1.104301214218139648e-02 -5.011602491140365601e-02 -3.416301682591438293e-02 -2.246320620179176331e-02 -3.018826618790626526e-02 -3.391647338867187500e-02 -1.947193779051303864e-02 -1.737703196704387665e-02 -5.580407381057739258e-02
2.301353216171264648e-02 6.529409438371658325e-02 -1.379662379622459412e-02 -9.753219783306121826e-03 2.398096723482012749e-03 3.796610608696937561e-02 1.952073723077774048e-02 -1.944860443472862244e-02 2.171145752072334290e-02 3.394470363855361938e-02 -1.822522282600402832e-02 -1.291909837163984776e-03 -1.965097151696681976e-02 3.167216107249259949e-02 -3.626763820648193359e-03 -2.880079671740531921e-02 4.785840213298797607e-02 -1.467321161180734634e-02 1.723451889120042324e-03 1.134040594100952148e+00 3.255238384008407593e-02 9.781933389604091644e-03 1.592426188290119171e-02 -2.842468768358230591e-02 3.671521553769707680e-03 1.253856439143419266e-02 -1.578782498836517334e-02 -1.392358448356389999e-02 -2.466658130288124084e-02 -3.563573583960533142e-02 -4.207931458950042725e-02 -4.482276737689971924e-02 -3.518743440508842468e-02 -3.850684687495231628e-02 -4.148875921964645386e-02 -3.603962436318397522e-02 -4.386474564671516418e-02 -5.291176214814186096e-02 -4.178696498274803162e-02 -2.446547709405422211e-02 -3.636751696467399597e-02 -2.809516340494155884e-02 -4.205551743507385254e-02 -3.559967875480651855e-02 -2.777430601418018341e-02 -5.115274339914321899e-02 -2.467424049973487854e-02 -3.052548132836818695e-02 -4.580022767186164856e-02 -2.650221623480319977e-02 -2.798976004123687744e-02 -4.210800677537918091e-02 -3.862936794757843018e-02 -3.798812627792358398e-02 -2.143719047307968140e-02 -2.466867305338382721e-02 -4.291297122836112976e-02 -5.999067425727844238e-02 -1.861856132745742798e-02 -4.173249378800392151e-02 8.050929754972457886e-04 -3.411436080932617188e-02
5.016720667481422424e-02 8.031680434942245483e-02 9.093274362385272980e-03 -5.338878370821475983e-03 1.659824512898921967e-02 9.554842114448547363e-02 9.946797974407672882e-03 3.510950133204460144e-02 1.067881956696510315e-01 1.107924897223711014e-02 5.584252998232841492e-02 1.070539206266403198e-01 1.580290310084819794e-02 5.007430911064147949e-02 7.270806282758712769e-02 1.792721636593341827e-02 2.015374414622783661e-02 1.998684927821159363e-02 2.078532055020332336e-02 3.255238384008407593e-02 1.248350501060485840e+00 3.904511034488677979e-02 4.193922132253646851e-02 3.191351518034934998e-02 6.930869072675704956e-02 1.531805563718080521e-02 8.728560060262680054e-03 -3.045808151364326477e-02 -4.090635478496551514e-02 -6.275904178619384766e-02 -5.014971271157264709e-02 -6.501223891973495483e-02 -5.162961408495903015e-02 -5.864477157592773438e-02 -6.597645580768585205e-02 -6.339268386363983154e-02 -4.836911335587501526e-02 -5.841870605945587158e-02 -6.130874902009963989e-02 -4.812978953123092651e-02 -5.855326354503631592e-02 -5.501253902912139893e-02 -7.496832311153411865e-02 -5.635876581072807312e-02 -3.326136618852615356e-02 -4.232379049062728882e-02 -5.969657003879547119e-02 -4.754097014665603638e-02 -1.071493178606033325e-01 -6.027827411890029907e-02 -4.332689940929412842e-02 -4.457454755902290344e-02 -3.816608339548110962e-02 -5.934363231062889099e-02 -4.450713470578193665e-02 -6.496015936136245728e-02 -6.150555610656738281e-02 -2.926065959036350250e-02 -1.415942679159343243e-03 -5.884700641036033630e-02 4.729605745524168015e-03 -5.294608697295188904e-02
1.095968671143054962e-02 2.967361919581890106e-02 -8.654007688164710999e-03 -2.266645751660689712e-04 -1.724196714349091053e-03 4.782364889979362488e-02 -1.480259746313095093e-02 2.717819996178150177e-02 -1.397993601858615875e-02 -2.398540452122688293e-02 -1.481277402490377426e-03 2.036305330693721771e-02 2.544612437486648560e-02 -1.434491015970706940e-02 8.430338464677333832e-03 2.999635040760040283e-02 -5.951993167400360107e-03 4.673320800065994263e-03 -1.641781069338321686e-02 9.781933389604091644e-03 3.904511034488677979e-02 1.141507148742675781e+00 9.600643999874591827e-03 3.242021892219781876e-03 4.155352339148521423e-02 -1.328926626592874527e-02 -1.464493572711944580e-02 -1.896627992391586304e-02 -3.727203235030174255e-02 -3.678964823484420776e-02 -2.522842586040496826e-02 -4.982034489512443542e-02 -2.902904339134693146e-02 -3.503630310297012329e-02 -4.829003289341926575e-02 -6.137422099709510803e-02 -3.078627027571201324e-02 -3.053528815507888794e-02 -3.599143028259277344e-02 -3.284975141286849976e-02 -3.055850975215435028e-02 -2.977551892399787903e-02 -4.742319881916046143e-02 -2.454239316284656525e-02 -3.498800098896026611e-02 -2.689064480364322662e-02 -5.117238685488700867e-02 -3.686380758881568909e-02 -5.429340526461601257e-02 -5.066302791237831116e-02 -1.279249414801597595e-02 -2.872936986386775970e-02 -3.899063915014266968e-02 -3.062333911657333374e-02 -4.246075078845024109e-02 -3.832473605871200562e-02 -2.343758568167686462e-02 -2.225177735090255737e-02 -7.100204471498727798e-03 -2.437069639563560486e-02 -1.369191892445087433e-02 -2.028355561196804047e-02
-1.323176175355911255e-02 -7.584289647638797760e-03 -2.129385061562061310e-02 1.101375836879014969e-02 5.627152509987354279e-03 4.957393184304237366e-02 -2.593703381717205048e-02 9.675183333456516266e-03 1.195660140365362167e-02 -1.471970323473215103e-02 1.080707553774118423e-02 1.538228336721658707e-02 -1.498076505959033966e-02 -6.935881916433572769e-03 -2.180132869398221374e-04 -6.758260540664196014e-03 7.847530767321586609e-03 -9.213817305862903595e-03 1.657247915863990784e-02 1.592426188290119171e-02 4.193922132253646851e-02 9.600643999874591827e-03 1.121687412261962891e+00 -2.717310097068548203e-03 6.913339253515005112e-03 -1.840053498744964600e-02 3.392945975065231323e-03 -1.987982355058193207e-02 -1.497702673077583313e-02 -3.588375449180603027e-02 -3.312892094254493713e-02 -3.733881935477256775e-02 -3.644460067152976990e-02 -2.787877619266510010e-02 -2.226380072534084320e-02 -2.100558765232563019e-02 -1.846109330654144287e-02 -3.715749457478523254e-02 -2.216748706996440887e-02 -1.781382970511913300e-02 -3.990968316793441772e-02 -4.871716350317001343e-02 -2.913613803684711456e-02 -3.450408577919006348e-02 -2.085223235189914703e-02 -3.370254486799240112e-02 -1.222859136760234833e-02 -3.572679311037063599e-02 -3.556809574365615845e-02 -3.580953553318977356e-02 -4.688337072730064392e-02 -4.303196445107460022e-02 -4.327767714858055115e-02 -2.304119244217872620e-02 -3.868118301033973694e-02 -3.829201683402061462e-02 -3.698983043432235718e-02 -3.094279579818248749e-02 -2.285935170948505402e-02 -1.449423190206289291e-02 -1.161114312708377838e-02 -2.341000363230705261e-02
-2.632246538996696472e-02 4.955280106514692307e-03 1.637460081838071346e-03 2.678212523460388184e-02 -3.280095383524894714e-02 7.400065194815397263e-03 -1.239890698343515396e-02 2.557574026286602020e-02 2.824892476201057434e-02 1.318544987589120865e-02 -1.545651629567146301e-02 6.506641954183578491e-02 9.615581482648849487e-03 -6.023318506777286530e-03 3.791470080614089966e-02 -1.300051622092723846e-02 -1.380641572177410126e-02 3.663314506411552429e-02 -1.776302419602870941e-02 -2.842468768358230591e-02 3.191351518034934998e-02 3.242021892219781876e-03 -2.717310097068548203e-03 1.147310018539428711e+00 6.838256493210792542e-03 7.611685432493686676e-03 2.372440416365861893e-03 -1.256723981350660324e-02 -2.678725123405456543e-02 -1.454605348408222198e-02 -2.747070230543613434e-02 -3.023581765592098236e-02 -2.745976857841014862e-02 -2.604900114238262177e-02 -4.287105426192283630e-02 -4.877846688032150269e-02 -4.638290777802467346e-02 -4.330801218748092651e-02 -3.392691537737846375e-02 -2.723290957510471344e-02 -3.162111714482307434e-02 -3.832130134105682373e-02 -1.798396371304988861e-02 -4.690663143992424011e-02 -3.277459740638732910e-02 -4.152676463127136230e-02 -3.477786481380462646e-02 -1.837519742548465729e-02 -5.057507753372192383e-02 -2.895838581025600433e-02 -3.712661191821098328e-02 -3.262582793831825256e-02 -4.078244790434837341e-02 -2.032376267015933990e-02 -2.965664491057395935e-02 -4.238736256957054138e-02 -4.301750659942626953e-02 -3.590306267142295837e-02 -2.090983558446168900e-03 -3.561116009950637817e-02 -8.632221259176731110e-03 -4.384015873074531555e-02
-1.092048734426498413e-02 6.620765477418899536e-02 -1.045566145330667496e-02 -1.819841563701629639e-02 1.379751600325107574e-02 4.363139718770980835e-02 -1.703564263880252838e-02 2.390399761497974396e-02 -1.212804578244686127e-02 1.151605276390910149e-03 -2.208557212725281715e-03 3.482646867632865906e-02 1.983877737075090408e-03 2.665996365249156952e-02 6.507556140422821045e-02 -1.640239730477333069e-02 -7.630404550582170486e-03 4.846947640180587769e-02 -4.145223274827003479e-02 3.671521553769707680e-03 6.930869072675704956e-02 4.155352339148521423e-02 6.913339253515005112e-03 6.838256493210792542e-03 1.140748858451843262e+00 3.492018952965736389e-02 -2.827676013112068176e-03 -1.270969957113265991e-02 -1.966536231338977814e-02 -4.991818964481353760e-02 -3.795722499489784241e-02 -2.020776644349098206e-02 -3.055369108915328979e-02 -2.891355939209461212e-02 -7.038449496030807495e-02 -3.875176981091499329e-02 -5.018464103341102600e-02 -3.123024664819240570e-02 -5.130861699581146240e-02 -2.697796002030372620e-02 -5.989583581686019897e-02 -4.212408140301704407e-02 -3.269450366497039795e-02 -4.543881118297576904e-02 -3.355362638831138611e-02 -4.815330728888511658e-02 -3.026849776506423950e-02 -2.428517304360866547e-02 -6.888817995786666870e-02 -4.279882460832595825e-02 -3.536392003297805786e-02 -6.219756230711936951e-02 -3.845200687646865845e-02 -2.997518703341484070e-02 -4.119593277573585510e-02 -4.985299706459045410e-02 -3.583250194787979126e-02 -2.618132531642913818e-02 -1.396837458014488220e-02 -3.290358930826187134e-02 -1.563056930899620056e-02 -3.121625073254108429e-02
